sigma_C sigma_C_100
0.000000 0.000000
0.001315 0.100100
0.002686 0.200200
0.004114 0.300300
0.005599 0.400400
0.007143 0.500501
0.008746 0.600601
0.010409 0.700701
0.012133 0.800801
0.013920 0.900901
0.015768 1.001001
0.017681 1.101101
0.019657 1.201201
0.021699 1.301301
0.023808 1.401401
0.025983 1.501502
0.028225 1.601602
0.030537 1.701702
0.032918 1.801802
0.035369 1.901902
0.037891 2.002002
0.040486 2.102102
0.043153 2.202202
0.045894 2.302302
0.048709 2.402402
0.051600 2.502503
0.054567 2.602603
0.057611 2.702703
0.060733 2.802803
0.063934 2.902903
0.067214 3.003003
0.070575 3.103103
0.074016 3.203203
0.077540 3.303303
0.081147 3.403403
0.084838 3.503504
0.088613 3.603604
0.092473 3.703704
0.096420 3.803804
0.100454 3.903904
0.104575 4.004004
0.108786 4.104104
0.113086 4.204204
0.117476 4.304304
0.121958 4.404404
0.126531 4.504505
0.131198 4.604605
0.135958 4.704705
0.140813 4.804805
0.145764 4.904905
0.150810 5.005005
0.155954 5.105105
0.161195 5.205205
0.166536 5.305305
0.171976 5.405405
0.177516 5.505506
0.183157 5.605606
0.188901 5.705706
0.194747 5.805806
0.200697 5.905906
0.206752 6.006006
0.212912 6.106106
0.219178 6.206206
0.225551 6.306306
0.232032 6.406406
0.238622 6.506507
0.245321 6.606607
0.252131 6.706707
0.259052 6.806807
0.266085 6.906907
0.273230 7.007007
0.280490 7.107107
0.287864 7.207207
0.295353 7.307307
0.302958 7.407407
0.310681 7.507508
0.318521 7.607608
0.326480 7.707708
0.334559 7.807808
0.342758 7.907908
0.351078 8.008008
0.359520 8.108108
0.368084 8.208208
0.376773 8.308308
0.385586 8.408408
0.394524 8.508509
0.403589 8.608609
0.412780 8.708709
0.422100 8.808809
0.431548 8.908909
0.441125 9.009009
0.450833 9.109109
0.460672 9.209209
0.470643 9.309309
0.480747 9.409409
0.490985 9.509510
0.501357 9.609610
0.511864 9.709710
0.522508 9.809810
0.533289 9.909910
0.544207 10.010010
0.555265 10.110110
0.566462 10.210210
0.577799 10.310310
0.589278 10.410410
0.600898 10.510511
0.612662 10.610611
0.624569 10.710711
0.636621 10.810811
0.648819 10.910911
0.661163 11.011011
0.673653 11.111111
0.686292 11.211211
0.699080 11.311311
0.712018 11.411411
0.725105 11.511512
0.738345 11.611612
0.751736 11.711712
0.765281 11.811812
0.778980 11.911912
0.792833 12.012012
0.806842 12.112112
0.821007 12.212212
0.835330 12.312312
0.849811 12.412412
0.864451 12.512513
0.879251 12.612613
0.894212 12.712713
0.909334 12.812813
0.924619 12.912913
0.940067 13.013013
0.955679 13.113113
0.971456 13.213213
0.987400 13.313313
1.003509 13.413413
1.019787 13.513514
1.036233 13.613614
1.052849 13.713714
1.069634 13.813814
1.086591 13.913914
1.103719 14.014014
1.121021 14.114114
1.138496 14.214214
1.156146 14.314314
1.173971 14.414414
1.191972 14.514515
1.210151 14.614615
1.228507 14.714715
1.247043 14.814815
1.265758 14.914915
1.284654 15.015015
1.303731 15.115115
1.322991 15.215215
1.342434 15.315315
1.362062 15.415415
1.381874 15.515516
1.401872 15.615616
1.422057 15.715716
1.442430 15.815816
1.462991 15.915916
1.483742 16.016016
1.504683 16.116116
1.525816 16.216216
1.547140 16.316316
1.568658 16.416416
1.590369 16.516517
1.612276 16.616617
1.634378 16.716717
1.656676 16.816817
1.679172 16.916917
1.701867 17.017017
1.724760 17.117117
1.747854 17.217217
1.771149 17.317317
1.794646 17.417417
1.818346 17.517518
1.842250 17.617618
1.866358 17.717718
1.890673 17.817818
1.915193 17.917918
1.939921 18.018018
1.964857 18.118118
1.990003 18.218218
2.015359 18.318318
2.040926 18.418418
2.066704 18.518519
2.092696 18.618619
2.118902 18.718719
2.145322 18.818819
2.171958 18.918919
2.198811 19.019019
2.225881 19.119119
2.253170 19.219219
2.280678 19.319319
2.308406 19.419419
2.336356 19.519520
2.364527 19.619620
2.392922 19.719720
2.421541 19.819820
2.450385 19.919920
2.479455 20.020020
2.508752 20.120120
2.538276 20.220220
2.568030 20.320320
2.598013 20.420420
2.628226 20.520521
2.658672 20.620621
2.689349 20.720721
2.720261 20.820821
2.751406 20.920921
2.782787 21.021021
2.814405 21.121121
2.846260 21.221221
2.878353 21.321321
2.910685 21.421421
2.943257 21.521522
2.976071 21.621622
3.009127 21.721722
3.042426 21.821822
3.075969 21.921922
3.109756 22.022022
3.143790 22.122122
3.178071 22.222222
3.212600 22.322322
3.247378 22.422422
3.282406 22.522523
3.317685 22.622623
3.353215 22.722723
3.388998 22.822823
3.425036 22.922923
3.461328 23.023023
3.497876 23.123123
3.534681 23.223223
3.571743 23.323323
3.609065 23.423423
3.646646 23.523524
3.684488 23.623624
3.722592 23.723724
3.760959 23.823824
3.799589 23.923924
3.838485 24.024024
3.877646 24.124124
3.917074 24.224224
3.956770 24.324324
3.996735 24.424424
4.036970 24.524525
4.077476 24.624625
4.118254 24.724725
4.159304 24.824825
4.200629 24.924925
4.242229 25.025025
4.284105 25.125125
4.326258 25.225225
4.368689 25.325325
4.411399 25.425425
4.454389 25.525526
4.497661 25.625626
4.541215 25.725726
4.585053 25.825826
4.629174 25.925926
4.673582 26.026026
4.718275 26.126126
4.763257 26.226226
4.808526 26.326326
4.854086 26.426426
4.899936 26.526527
4.946078 26.626627
4.992513 26.726727
5.039242 26.826827
5.086266 26.926927
5.133586 27.027027
5.181203 27.127127
5.229118 27.227227
5.277333 27.327327
5.325848 27.427427
5.374664 27.527528
5.423783 27.627628
5.473206 27.727728
5.522933 27.827828
5.572966 27.927928
5.623306 28.028028
5.673954 28.128128
5.724911 28.228228
5.776179 28.328328
5.827758 28.428428
5.879649 28.528529
5.931853 28.628629
5.984373 28.728729
6.037208 28.828829
6.090360 28.928929
6.143830 29.029029
6.197620 29.129129
6.251729 29.229229
6.306160 29.329329
6.360913 29.429429
6.415990 29.529530
6.471392 29.629630
6.527120 29.729730
6.583175 29.829830
6.639558 29.929930
6.696271 30.030030
6.753314 30.130130
6.810688 30.230230
6.868396 30.330330
6.926437 30.430430
6.984814 30.530531
7.043527 30.630631
7.102578 30.730731
7.161967 30.830831
7.221695 30.930931
7.281765 31.031031
7.342177 31.131131
7.402933 31.231231
7.464033 31.331331
7.525478 31.431431
7.587271 31.531532
7.649412 31.631632
7.711901 31.731732
7.774742 31.831832
7.837934 31.931932
7.901479 32.032032
7.965378 32.132132
8.029632 32.232232
8.094243 32.332332
8.159212 32.432432
8.224539 32.532533
8.290227 32.632633
8.356276 32.732733
8.422688 32.832833
8.489464 32.932933
8.556604 33.033033
8.624111 33.133133
8.691986 33.233233
8.760229 33.333333
8.828843 33.433433
8.897827 33.533534
8.967184 33.633634
9.036915 33.733734
9.107021 33.833834
9.177504 33.933934
9.248364 34.034034
9.319603 34.134134
9.391221 34.234234
9.463222 34.334334
9.535605 34.434434
9.608371 34.534535
9.681524 34.634635
9.755062 34.734735
9.828989 34.834835
9.903304 34.934935
9.978010 35.035035
10.053108 35.135135
10.128598 35.235235
10.204483 35.335335
10.280763 35.435435
10.357441 35.535536
10.434516 35.635636
10.511992 35.735736
10.589868 35.835836
10.668146 35.935936
10.746828 36.036036
10.825915 36.136136
10.905407 36.236236
10.985308 36.336336
11.065617 36.436436
11.146337 36.536537
11.227468 36.636637
11.309012 36.736737
11.390970 36.836837
11.473344 36.936937
11.556135 37.037037
11.639345 37.137137
11.722974 37.237237
11.807025 37.337337
11.891498 37.437437
11.976394 37.537538
12.061716 37.637638
12.147465 37.737738
12.233642 37.837838
12.320249 37.937938
12.407286 38.038038
12.494755 38.138138
12.582659 38.238238
12.670997 38.338338
12.759772 38.438438
12.848985 38.538539
12.938637 38.638639
13.028730 38.738739
13.119265 38.838839
13.210244 38.938939
13.301668 39.039039
13.393538 39.139139
13.485857 39.239239
13.578625 39.339339
13.671844 39.439439
13.765515 39.539540
13.859640 39.639640
13.954220 39.739740
14.049258 39.839840
14.144753 39.939940
14.240708 40.040040
14.337124 40.140140
14.434003 40.240240
14.531347 40.340340
14.629155 40.440440
14.727431 40.540541
14.826176 40.640641
14.925391 40.740741
15.025078 40.840841
15.125238 40.940941
15.225872 41.041041
15.326983 41.141141
15.428572 41.241241
15.530640 41.341341
15.633189 41.441441
15.736220 41.541542
15.839735 41.641642
15.943736 41.741742
16.048224 41.841842
16.153200 41.941942
16.258667 42.042042
16.364625 42.142142
16.471077 42.242242
16.578023 42.342342
16.685466 42.442442
16.793408 42.542543
16.901848 42.642643
17.010790 42.742743
17.120235 42.842843
17.230185 42.942943
17.340640 43.043043
17.451603 43.143143
17.563076 43.243243
17.675059 43.343343
17.787555 43.443443
17.900565 43.543544
18.014091 43.643644
18.128134 43.743744
18.242696 43.843844
18.357779 43.943944
18.473385 44.044044
18.589514 44.144144
18.706170 44.244244
18.823352 44.344344
18.941064 44.444444
19.059306 44.544545
19.178081 44.644645
19.297390 44.744745
19.417235 44.844845
19.537617 44.944945
19.658539 45.045045
19.780001 45.145145
19.902006 45.245245
20.024555 45.345345
20.147650 45.445445
20.271293 45.545546
20.395486 45.645646
20.520230 45.745746
20.645527 45.845846
20.771378 45.945946
20.897786 46.046046
21.024753 46.146146
21.152279 46.246246
21.280367 46.346346
21.409018 46.446446
21.538235 46.546547
21.668019 46.646647
21.798372 46.746747
21.929296 46.846847
22.060792 46.946947
22.192862 47.047047
22.325508 47.147147
22.458733 47.247247
22.592537 47.347347
22.726922 47.447447
22.861891 47.547548
22.997445 47.647648
23.133586 47.747748
23.270316 47.847848
23.407637 47.947948
23.545550 48.048048
23.684058 48.148148
23.823162 48.248248
23.962864 48.348348
24.103167 48.448448
24.244071 48.548549
24.385579 48.648649
24.527693 48.748749
24.670415 48.848849
24.813746 48.948949
24.957688 49.049049
25.102244 49.149149
25.247415 49.249249
25.393204 49.349349
25.539611 49.449449
25.686640 49.549550
25.834291 49.649650
25.982568 49.749750
26.131471 49.849850
26.281004 49.949950
26.431167 50.050050
26.581963 50.150150
26.733394 50.250250
26.885462 50.350350
27.038169 50.450450
27.191516 50.550551
27.345506 50.650651
27.500141 50.750751
27.655423 50.850851
27.811353 50.950951
27.967935 51.051051
28.125169 51.151151
28.283059 51.251251
28.441605 51.351351
28.600810 51.451451
28.760677 51.551552
28.921206 51.651652
29.082401 51.751752
29.244263 51.851852
29.406795 51.951952
29.569998 52.052052
29.733874 52.152152
29.898426 52.252252
30.063656 52.352352
30.229566 52.452452
30.396158 52.552553
30.563434 52.652653
30.731396 52.752753
30.900047 52.852853
31.069388 52.952953
31.239421 53.053053
31.410150 53.153153
31.581576 53.253253
31.753701 53.353353
31.926527 53.453453
32.100056 53.553554
32.274292 53.653654
32.449235 53.753754
32.624889 53.853854
32.801255 53.953954
32.978335 54.054054
33.156132 54.154154
33.334648 54.254254
33.513886 54.354354
33.693847 54.454454
33.874533 54.554555
34.055948 54.654655
34.238093 54.754755
34.420970 54.854855
34.604582 54.954955
34.788931 55.055055
34.974019 55.155155
35.159443 55.255255
35.344881 55.355355
35.530332 55.455455
35.715794 55.555556
35.901266 55.655656
36.086746 55.755756
36.272234 55.855856
36.457728 55.955956
36.643227 56.056056
36.828729 56.156156
37.014234 56.256256
37.199740 56.356356
37.385245 56.456456
37.570749 56.556557
37.756250 56.656657
37.941747 56.756757
38.127238 56.856857
38.312723 56.956957
38.498199 57.057057
38.683667 57.157157
38.869124 57.257257
39.054569 57.357357
39.240001 57.457457
39.425418 57.557558
39.610820 57.657658
39.796205 57.757758
39.981571 57.857858
40.166919 57.957958
40.352245 58.058058
40.537549 58.158158
40.722830 58.258258
40.908086 58.358358
41.093316 58.458458
41.278519 58.558559
41.463694 58.658659
41.648838 58.758759
41.833952 58.858859
42.019033 58.958959
42.204080 59.059059
42.389093 59.159159
42.574069 59.259259
42.759007 59.359359
42.943907 59.459459
43.128767 59.559560
43.313585 59.659660
43.498360 59.759760
43.683091 59.859860
43.867777 59.959960
44.052416 60.060060
44.237008 60.160160
44.421550 60.260260
44.606041 60.360360
44.790480 60.460460
44.974867 60.560561
45.159199 60.660661
45.343474 60.760761
45.527693 60.860861
45.711854 60.960961
45.895954 61.061061
46.079994 61.161161
46.263971 61.261261
46.447884 61.361361
46.631733 61.461461
46.815515 61.561562
46.999229 61.661662
47.182874 61.761762
47.366449 61.861862
47.549952 61.961962
47.733383 62.062062
47.916738 62.162162
48.100018 62.262262
48.283221 62.362362
48.466346 62.462462
48.649391 62.562563
48.832355 62.662663
49.015236 62.762763
49.198034 62.862863
49.380746 62.962963
49.563372 63.063063
49.745910 63.163163
49.928359 63.263263
50.110717 63.363363
50.292984 63.463463
50.475157 63.563564
50.657235 63.663664
50.839217 63.763764
51.021102 63.863864
51.202888 63.963964
51.384574 64.064064
51.566158 64.164164
51.747639 64.264264
51.929016 64.364364
52.110287 64.464464
52.291451 64.564565
52.472506 64.664665
52.653451 64.764765
52.834285 64.864865
53.015006 64.964965
53.195613 65.065065
53.376104 65.165165
53.556478 65.265265
53.736734 65.365365
53.916870 65.465465
54.096884 65.565566
54.276776 65.665666
54.456543 65.765766
54.636185 65.865866
54.815700 65.965966
54.995086 66.066066
55.174342 66.166166
55.353466 66.266266
55.532458 66.366366
55.711316 66.466466
55.890037 66.566567
56.068621 66.666667
56.247067 66.766767
56.425372 66.866867
56.603535 66.966967
56.781555 67.067067
56.959430 67.167167
57.137160 67.267267
57.314741 67.367367
57.492173 67.467467
57.669454 67.567568
57.846583 67.667668
58.023559 67.767768
58.200378 67.867868
58.377041 67.967968
58.553546 68.068068
58.729891 68.168168
58.906074 68.268268
59.082094 68.368368
59.257950 68.468468
59.433639 68.568569
59.609161 68.668669
59.784514 68.768769
59.959696 68.868869
60.134705 68.968969
60.309540 69.069069
60.484200 69.169169
60.658683 69.269269
60.832986 69.369369
61.007110 69.469469
61.181051 69.569570
61.354809 69.669670
61.528381 69.769770
61.701767 69.869870
61.874964 69.969970
62.047971 70.070070
62.220787 70.170170
62.393409 70.270270
62.565835 70.370370
62.738065 70.470470
62.910097 70.570571
63.081928 70.670671
63.253558 70.770771
63.424984 70.870871
63.596205 70.970971
63.767220 71.071071
63.938025 71.171171
64.108621 71.271271
64.279004 71.371371
64.449174 71.471471
64.619128 71.571572
64.788865 71.671672
64.958383 71.771772
65.127680 71.871872
65.296755 71.971972
65.465606 72.072072
65.634230 72.172172
65.802627 72.272272
65.970794 72.372372
66.138730 72.472472
66.306433 72.572573
66.473901 72.672673
66.641132 72.772773
66.808124 72.872873
66.974876 72.972973
67.141385 73.073073
67.307650 73.173173
67.473670 73.273273
67.639441 73.373373
67.804962 73.473473
67.970232 73.573574
68.135249 73.673674
68.300010 73.773774
68.464513 73.873874
68.628758 73.973974
68.792741 74.074074
68.956461 74.174174
69.119916 74.274274
69.283103 74.374374
69.446022 74.474474
69.608670 74.574575
69.771045 74.674675
69.933145 74.774775
70.094969 74.874875
70.256513 74.974975
70.417776 75.075075
70.578757 75.175175
70.739452 75.275275
70.899861 75.375375
71.059980 75.475475
71.219808 75.575576
71.379343 75.675676
71.538583 75.775776
71.697525 75.875876
71.856168 75.975976
72.014509 76.076076
72.172547 76.176176
72.330278 76.276276
72.487702 76.376376
72.644815 76.476476
72.801616 76.576577
72.958103 76.676677
73.114273 76.776777
73.270124 76.876877
73.425654 76.976977
73.580860 77.077077
73.735741 77.177177
73.890295 77.277277
74.044518 77.377377
74.198409 77.477477
74.351965 77.577578
74.505184 77.677678
74.658065 77.777778
74.810603 77.877878
74.962798 77.977978
75.114647 78.078078
75.266147 78.178178
75.417297 78.278278
75.568093 78.378378
75.718533 78.478478
75.868616 78.578579
76.018338 78.678679
76.167697 78.778779
76.316691 78.878879
76.465317 78.978979
76.613573 79.079079
76.761456 79.179179
76.908964 79.279279
77.056094 79.379379
77.202844 79.479479
77.349211 79.579580
77.495193 79.679680
77.640787 79.779780
77.785991 79.879880
77.930801 79.979980
78.075216 80.080080
78.219233 80.180180
78.362848 80.280280
78.506060 80.380380
78.648866 80.480480
78.791263 80.580581
78.933248 80.680681
79.074819 80.780781
79.215973 80.880881
79.356707 80.980981
79.497019 81.081081
79.636905 81.181181
79.776363 81.281281
79.915390 81.381381
80.053983 81.481481
80.192140 81.581582
80.329857 81.681682
80.467132 81.781782
80.603962 81.881882
80.740343 81.981982
80.876274 82.082082
81.011750 82.182182
81.146770 82.282282
81.281329 82.382382
81.415426 82.482482
81.549056 82.582583
81.682218 82.682683
81.814907 82.782783
81.947121 82.882883
82.078857 82.982983
82.210112 83.083083
82.340882 83.183183
82.471165 83.283283
82.600956 83.383383
82.730254 83.483483
82.859055 83.583584
82.987355 83.683684
83.115151 83.783784
83.242440 83.883884
83.369220 83.983984
83.495485 84.084084
83.621234 84.184184
83.746462 84.284284
83.871167 84.384384
83.995345 84.484484
84.118992 84.584585
84.242106 84.684685
84.364682 84.784785
84.486717 84.884885
84.608208 84.984985
84.729151 85.085085
84.849542 85.185185
84.969379 85.285285
85.088657 85.385385
85.207372 85.485485
85.325522 85.585586
85.443102 85.685686
85.560109 85.785786
85.676539 85.885886
85.792388 85.985986
85.907652 86.086086
86.022329 86.186186
86.136413 86.286286
86.249901 86.386386
86.362789 86.486486
86.475073 86.586587
86.586750 86.686687
86.697815 86.786787
86.808264 86.886887
86.918094 86.986987
87.027300 87.087087
87.135878 87.187187
87.243825 87.287287
87.351135 87.387387
87.457806 87.487487
87.563832 87.587588
87.669209 87.687688
87.773934 87.787788
87.878001 87.887888
87.981408 87.987988
88.084148 88.088088
88.186219 88.188188
88.287615 88.288288
88.388333 88.388388
88.488488 88.488488
88.588589 88.588589
88.688689 88.688689
88.788789 88.788789
88.888889 88.888889
88.988989 88.988989
89.089089 89.089089
89.189189 89.189189
89.289289 89.289289
89.389389 89.389389
89.489489 89.489489
89.589590 89.589590
89.689690 89.689690
89.789790 89.789790
89.889890 89.889890
89.989990 89.989990
90.090090 90.090090
90.190190 90.190190
90.290290 90.290290
90.390390 90.390390
90.490490 90.490490
90.590591 90.590591
90.690691 90.690691
90.790791 90.790791
90.890891 90.890891
90.990991 90.990991
91.091091 91.091091
91.191191 91.191191
91.291291 91.291291
91.391391 91.391391
91.491491 91.491491
91.591592 91.591592
91.691692 91.691692
91.791792 91.791792
91.891892 91.891892
91.991992 91.991992
92.092092 92.092092
92.192192 92.192192
92.292292 92.292292
92.392392 92.392392
92.492492 92.492492
92.592593 92.592593
92.692693 92.692693
92.792793 92.792793
92.892893 92.892893
92.992993 92.992993
93.093093 93.093093
93.193193 93.193193
93.293293 93.293293
93.393393 93.393393
93.493493 93.493493
93.593594 93.593594
93.693694 93.693694
93.793794 93.793794
93.893894 93.893894
93.993994 93.993994
94.094094 94.094094
94.194194 94.194194
94.294294 94.294294
94.394394 94.394394
94.494494 94.494494
94.594595 94.594595
94.694695 94.694695
94.794795 94.794795
94.894895 94.894895
94.994995 94.994995
95.095095 95.095095
95.195195 95.195195
95.295295 95.295295
95.395395 95.395395
95.495495 95.495495
95.595596 95.595596
95.695696 95.695696
95.795796 95.795796
95.895896 95.895896
95.995996 95.995996
96.096096 96.096096
96.196196 96.196196
96.296296 96.296296
96.396396 96.396396
96.496496 96.496496
96.596597 96.596597
96.696697 96.696697
96.796797 96.796797
96.896897 96.896897
96.996997 96.996997
97.097097 97.097097
97.197197 97.197197
97.297297 97.297297
97.397397 97.397397
97.497497 97.497497
97.597598 97.597598
97.697698 97.697698
97.797798 97.797798
97.897898 97.897898
97.997998 97.997998
98.098098 98.098098
98.198198 98.198198
98.298298 98.298298
98.398398 98.398398
98.498498 98.498498
98.598599 98.598599
98.698699 98.698699
98.798799 98.798799
98.898899 98.898899
98.998999 98.998999
99.099099 99.099099
99.199199 99.199199
99.299299 99.299299
99.399399 99.399399
99.499499 99.499499
99.599600 99.599600
99.699700 99.699700
99.799800 99.799800
99.899900 99.899900
100.000000 100.000000
