sigma_C gamma_100
0.000000 4.478600
0.001315 4.474153
0.002686 4.469708
0.004114 4.465267
0.005599 4.460828
0.007143 4.456391
0.008746 4.451958
0.010409 4.447528
0.012133 4.443100
0.013920 4.438675
0.015768 4.434252
0.017681 4.429833
0.019657 4.425416
0.021699 4.421002
0.023808 4.416591
0.025983 4.412183
0.028225 4.407777
0.030537 4.403375
0.032918 4.398974
0.035369 4.394577
0.037891 4.390183
0.040486 4.385791
0.043153 4.381402
0.045894 4.377016
0.048709 4.372633
0.051600 4.368252
0.054567 4.363874
0.057611 4.359499
0.060733 4.355127
0.063934 4.350758
0.067214 4.346391
0.070575 4.342027
0.074016 4.337666
0.077540 4.333308
0.081147 4.328952
0.084838 4.324599
0.088613 4.320249
0.092473 4.315902
0.096420 4.311558
0.100454 4.307216
0.104575 4.302877
0.108786 4.298541
0.113086 4.294208
0.117476 4.289877
0.121958 4.285549
0.126531 4.281224
0.131198 4.276902
0.135958 4.272583
0.140813 4.268266
0.145764 4.263952
0.150810 4.259641
0.155954 4.255333
0.161195 4.251027
0.166536 4.246724
0.171976 4.242424
0.177516 4.238127
0.183157 4.233833
0.188901 4.229541
0.194747 4.225252
0.200697 4.220966
0.206752 4.216683
0.212912 4.212402
0.219178 4.208125
0.225551 4.203850
0.232032 4.199577
0.238622 4.195308
0.245321 4.191041
0.252131 4.186777
0.259052 4.182516
0.266085 4.178258
0.273230 4.174003
0.280490 4.169750
0.287864 4.165500
0.295353 4.161253
0.302958 4.157008
0.310681 4.152767
0.318521 4.148528
0.326480 4.144292
0.334559 4.140058
0.342758 4.135828
0.351078 4.131600
0.359520 4.127375
0.368084 4.123153
0.376773 4.118934
0.385586 4.114717
0.394524 4.110503
0.403589 4.106292
0.412780 4.102084
0.422100 4.097878
0.431548 4.093676
0.441125 4.089476
0.450833 4.085278
0.460672 4.081084
0.470643 4.076892
0.480747 4.072704
0.490985 4.068518
0.501357 4.064334
0.511864 4.060154
0.522508 4.055976
0.533289 4.051801
0.544207 4.047629
0.555265 4.043460
0.566462 4.039293
0.577799 4.035129
0.589278 4.030968
0.600898 4.026810
0.612662 4.022654
0.624569 4.018502
0.636621 4.014352
0.648819 4.010204
0.661163 4.006060
0.673653 4.001919
0.686292 3.997780
0.699080 3.993644
0.712018 3.989510
0.725105 3.985380
0.738345 3.981252
0.751736 3.977127
0.765281 3.973005
0.778980 3.968886
0.792833 3.964769
0.806842 3.960655
0.821007 3.956544
0.835330 3.952436
0.849811 3.948331
0.864451 3.944228
0.879251 3.940128
0.894212 3.936031
0.909334 3.931937
0.924619 3.927845
0.940067 3.923756
0.955679 3.919670
0.971456 3.915587
0.987400 3.911506
1.003509 3.907429
1.019787 3.903354
1.036233 3.899282
1.052849 3.895212
1.069634 3.891146
1.086591 3.887082
1.103719 3.883021
1.121021 3.878963
1.138496 3.874907
1.156146 3.870855
1.173971 3.866805
1.191972 3.862758
1.210151 3.858713
1.228507 3.854672
1.247043 3.850633
1.265758 3.846597
1.284654 3.842564
1.303731 3.838533
1.322991 3.834506
1.342434 3.830481
1.362062 3.826459
1.381874 3.822439
1.401872 3.818423
1.422057 3.814409
1.442430 3.810398
1.462991 3.806390
1.483742 3.802384
1.504683 3.798382
1.525816 3.794382
1.547140 3.790385
1.568658 3.786390
1.590369 3.782399
1.612276 3.778410
1.634378 3.774424
1.656676 3.770441
1.679172 3.766460
1.701867 3.762483
1.724760 3.758508
1.747854 3.754536
1.771149 3.750566
1.794646 3.746600
1.818346 3.742636
1.842250 3.738675
1.866358 3.734717
1.890673 3.730762
1.915193 3.726809
1.939921 3.722859
1.964857 3.718912
1.990003 3.714968
2.015359 3.711026
2.040926 3.707087
2.066704 3.703151
2.092696 3.699218
2.118902 3.695288
2.145322 3.691360
2.171958 3.687435
2.198811 3.683513
2.225881 3.679594
2.253170 3.675677
2.280678 3.671764
2.308406 3.667853
2.336356 3.663945
2.364527 3.660039
2.392922 3.656137
2.421541 3.652237
2.450385 3.648340
2.479455 3.644445
2.508752 3.640554
2.538276 3.636665
2.568030 3.632779
2.598013 3.628896
2.628226 3.625016
2.658672 3.621138
2.689349 3.617263
2.720261 3.613391
2.751406 3.609522
2.782787 3.605655
2.814405 3.601792
2.846260 3.597931
2.878353 3.594072
2.910685 3.590217
2.943257 3.586365
2.976071 3.582515
3.009127 3.578668
3.042426 3.574823
3.075969 3.570982
3.109756 3.567143
3.143790 3.563307
3.178071 3.559474
3.212600 3.555644
3.247378 3.551816
3.282406 3.547991
3.317685 3.544169
3.353215 3.540350
3.388998 3.536534
3.425036 3.532720
3.461328 3.528909
3.497876 3.525101
3.534681 3.521295
3.571743 3.517493
3.609065 3.513693
3.646646 3.509896
3.684488 3.506102
3.722592 3.502310
3.760959 3.498522
3.799589 3.494736
3.838485 3.490952
3.877646 3.487172
3.917074 3.483395
3.956770 3.479620
3.996735 3.475848
4.036970 3.472078
4.077476 3.468312
4.118254 3.464548
4.159304 3.460787
4.200629 3.457029
4.242229 3.453274
4.284105 3.449521
4.326258 3.445772
4.368689 3.442025
4.411399 3.438280
4.454389 3.434539
4.497661 3.430800
4.541215 3.427064
4.585053 3.423331
4.629174 3.419601
4.673582 3.415873
4.718275 3.412148
4.763257 3.408426
4.808526 3.404707
4.854086 3.400991
4.899936 3.397277
4.946078 3.393566
4.992513 3.389858
5.039242 3.386153
5.086266 3.382450
5.133586 3.378750
5.181203 3.375053
5.229118 3.371359
5.277333 3.367668
5.325848 3.363979
5.374664 3.360293
5.423783 3.356610
5.473206 3.352930
5.522933 3.349252
5.572966 3.345578
5.623306 3.341906
5.673954 3.338236
5.724911 3.334570
5.776179 3.330906
5.827758 3.327245
5.879649 3.323587
5.931853 3.319932
5.984373 3.316279
6.037208 3.312630
6.090360 3.308983
6.143830 3.305339
6.197620 3.301697
6.251729 3.298058
6.306160 3.294423
6.360913 3.290790
6.415990 3.287159
6.471392 3.283532
6.527120 3.279907
6.583175 3.276285
6.639558 3.272666
6.696271 3.269049
6.753314 3.265436
6.810688 3.261825
6.868396 3.258217
6.926437 3.254612
6.984814 3.251009
7.043527 3.247409
7.102578 3.243812
7.161967 3.240218
7.221695 3.236627
7.281765 3.233038
7.342177 3.229452
7.402933 3.225869
7.464033 3.222289
7.525478 3.218711
7.587271 3.215137
7.649412 3.211565
7.711901 3.207996
7.774742 3.204429
7.837934 3.200866
7.901479 3.197305
7.965378 3.193747
8.029632 3.190191
8.094243 3.186639
8.159212 3.183089
8.224539 3.179542
8.290227 3.175998
8.356276 3.172457
8.422688 3.168918
8.489464 3.165382
8.556604 3.161849
8.624111 3.158319
8.691986 3.154791
8.760229 3.151267
8.828843 3.147745
8.897827 3.144226
8.967184 3.140709
9.036915 3.137196
9.107021 3.133685
9.177504 3.130177
9.248364 3.126671
9.319603 3.123169
9.391221 3.119669
9.463222 3.116172
9.535605 3.112678
9.608371 3.109187
9.681524 3.105698
9.755062 3.102212
9.828989 3.098729
9.903304 3.095249
9.978010 3.091772
10.053108 3.088297
10.128598 3.084825
10.204483 3.081356
10.280763 3.077890
10.357441 3.074426
10.434516 3.070965
10.511992 3.067507
10.589868 3.064052
10.668146 3.060599
10.746828 3.057150
10.825915 3.053703
10.905407 3.050259
10.985308 3.046817
11.065617 3.043379
11.146337 3.039943
11.227468 3.036510
11.309012 3.033080
11.390970 3.029652
11.473344 3.026228
11.556135 3.022806
11.639345 3.019387
11.722974 3.015970
11.807025 3.012557
11.891498 3.009146
11.976394 3.005738
12.061716 3.002333
12.147465 2.998930
12.233642 2.995531
12.320249 2.992134
12.407286 2.988740
12.494755 2.985348
12.582659 2.981960
12.670997 2.978574
12.759772 2.975191
12.848985 2.971811
12.938637 2.968433
13.028730 2.965059
13.119265 2.961687
13.210244 2.958318
13.301668 2.954951
13.393538 2.951588
13.485857 2.948227
13.578625 2.944869
13.671844 2.941514
13.765515 2.938161
13.859640 2.934812
13.954220 2.931465
14.049258 2.928121
14.144753 2.924779
14.240708 2.921441
14.337124 2.918105
14.434003 2.914772
14.531347 2.911442
14.629155 2.908115
14.727431 2.904790
14.826176 2.901468
14.925391 2.898149
15.025078 2.894833
15.125238 2.891519
15.225872 2.888208
15.326983 2.884900
15.428572 2.881595
15.530640 2.878293
15.633189 2.874993
15.736220 2.871696
15.839735 2.868402
15.943736 2.865111
16.048224 2.861822
16.153200 2.858537
16.258667 2.855254
16.364625 2.851974
16.471077 2.848696
16.578023 2.845422
16.685466 2.842150
16.793408 2.838881
16.901848 2.835614
17.010790 2.832351
17.120235 2.829090
17.230185 2.825832
17.340640 2.822577
17.451603 2.819325
17.563076 2.816075
17.675059 2.812828
17.787555 2.809584
17.900565 2.806343
18.014091 2.803104
18.128134 2.799869
18.242696 2.796636
18.357779 2.793405
18.473385 2.790178
18.589514 2.786953
18.706170 2.783732
18.823352 2.780513
18.941064 2.777296
19.059306 2.774083
19.178081 2.770872
19.297390 2.767664
19.417235 2.764459
19.537617 2.761257
19.658539 2.758057
19.780001 2.754860
19.902006 2.751666
20.024555 2.748475
20.147650 2.745286
20.271293 2.742101
20.395486 2.738918
20.520230 2.735738
20.645527 2.732560
20.771378 2.729386
20.897786 2.726214
21.024753 2.723045
21.152279 2.719879
21.280367 2.716715
21.409018 2.713554
21.538235 2.710396
21.668019 2.707241
21.798372 2.704089
21.929296 2.700939
22.060792 2.697793
22.192862 2.694649
22.325508 2.691507
22.458733 2.688369
22.592537 2.685233
22.726922 2.682100
22.861891 2.678970
22.997445 2.675843
23.133586 2.672718
23.270316 2.669596
23.407637 2.666477
23.545550 2.663361
23.684058 2.660248
23.823162 2.657137
23.962864 2.654029
24.103167 2.650924
24.244071 2.647822
24.385579 2.644722
24.527693 2.641625
24.670415 2.638531
24.813746 2.635440
24.957688 2.632352
25.102244 2.629266
25.247415 2.626183
25.393204 2.623103
25.539611 2.620026
25.686640 2.616951
25.834291 2.613879
25.982568 2.610810
26.131471 2.607744
26.281004 2.604681
26.431167 2.601620
26.581963 2.598562
26.733394 2.595507
26.885462 2.592455
27.038169 2.589405
27.191516 2.586358
27.345506 2.583314
27.500141 2.580273
27.655423 2.577235
27.811353 2.574199
27.967935 2.571166
28.125169 2.568136
28.283059 2.565109
28.441605 2.562084
28.600810 2.559063
28.760677 2.556044
28.921206 2.553027
29.082401 2.550014
29.244263 2.547003
29.406795 2.543995
29.569998 2.540990
29.733874 2.537988
29.898426 2.534989
30.063656 2.531992
30.229566 2.528998
30.396158 2.526007
30.563434 2.523018
30.731396 2.520033
30.900047 2.517050
31.069388 2.514070
31.239421 2.511092
31.410150 2.508118
31.581576 2.505146
31.753701 2.502177
31.926527 2.499211
32.100056 2.496248
32.274292 2.493287
32.449235 2.490329
32.624889 2.487374
32.801255 2.484422
32.978335 2.481472
33.156132 2.478525
33.334648 2.475581
33.513886 2.472640
33.693847 2.469702
33.874533 2.466766
34.055948 2.463833
34.238093 2.460903
34.420970 2.457976
34.604582 2.455052
34.788931 2.452130
34.974019 2.449211
35.159443 2.446295
35.344881 2.443381
35.530332 2.440471
35.715794 2.437563
35.901266 2.434658
36.086746 2.431756
36.272234 2.428856
36.457728 2.425959
36.643227 2.423065
36.828729 2.420174
37.014234 2.417286
37.199740 2.414400
37.385245 2.411518
37.570749 2.408638
37.756250 2.405760
37.941747 2.402886
38.127238 2.400014
38.312723 2.397145
38.498199 2.394279
38.683667 2.391416
38.869124 2.388555
39.054569 2.385697
39.240001 2.382842
39.425418 2.379990
39.610820 2.377140
39.796205 2.374294
39.981571 2.371450
40.166919 2.368609
40.352245 2.365770
40.537549 2.362935
40.722830 2.360102
40.908086 2.357272
41.093316 2.354445
41.278519 2.351620
41.463694 2.348799
41.648838 2.345980
41.833952 2.343163
42.019033 2.340350
42.204080 2.337540
42.389093 2.334732
42.574069 2.331927
42.759007 2.329125
42.943907 2.326325
43.128767 2.323528
43.313585 2.320734
43.498360 2.317943
43.683091 2.315155
43.867777 2.312369
44.052416 2.309587
44.237008 2.306807
44.421550 2.304029
44.606041 2.301255
44.790480 2.298483
44.974867 2.295714
45.159199 2.292948
45.343474 2.290185
45.527693 2.287424
45.711854 2.284667
45.895954 2.281912
46.079994 2.279159
46.263971 2.276410
46.447884 2.273663
46.631733 2.270919
46.815515 2.268178
46.999229 2.265440
47.182874 2.262704
47.366449 2.259972
47.549952 2.257242
47.733383 2.254514
47.916738 2.251790
48.100018 2.249068
48.283221 2.246350
48.466346 2.243633
48.649391 2.240920
48.832355 2.238210
49.015236 2.235502
49.198034 2.232797
49.380746 2.230095
49.563372 2.227395
49.745910 2.224699
49.928359 2.222005
50.110717 2.219314
50.292984 2.216625
50.475157 2.213940
50.657235 2.211257
50.839217 2.208577
51.021102 2.205900
51.202888 2.203225
51.384574 2.200554
51.566158 2.197885
51.747639 2.195219
51.929016 2.192556
52.110287 2.189895
52.291451 2.187237
52.472506 2.184582
52.653451 2.181930
52.834285 2.179281
53.015006 2.176634
53.195613 2.173990
53.376104 2.171349
53.556478 2.168711
53.736734 2.166075
53.916870 2.163443
54.096884 2.160813
54.276776 2.158186
54.456543 2.155561
54.636185 2.152940
54.815700 2.150321
54.995086 2.147705
55.174342 2.145091
55.353466 2.142481
55.532458 2.139873
55.711316 2.137268
55.890037 2.134666
56.068621 2.132067
56.247067 2.129470
56.425372 2.126876
56.603535 2.124285
56.781555 2.121697
56.959430 2.119111
57.137160 2.116529
57.314741 2.113949
57.492173 2.111372
57.669454 2.108797
57.846583 2.106226
58.023559 2.103657
58.200378 2.101091
58.377041 2.098527
58.553546 2.095967
58.729891 2.093409
58.906074 2.090854
59.082094 2.088302
59.257950 2.085753
59.433639 2.083206
59.609161 2.080662
59.784514 2.078121
59.959696 2.075583
60.134705 2.073048
60.309540 2.070515
60.484200 2.067985
60.658683 2.065458
60.832986 2.062934
61.007110 2.060412
61.181051 2.057893
61.354809 2.055377
61.528381 2.052864
61.701767 2.050353
61.874964 2.047846
62.047971 2.045341
62.220787 2.042839
62.393409 2.040339
62.565835 2.037843
62.738065 2.035349
62.910097 2.032858
63.081928 2.030370
63.253558 2.027884
63.424984 2.025402
63.596205 2.022922
63.767220 2.020445
63.938025 2.017970
64.108621 2.015499
64.279004 2.013030
64.449174 2.010564
64.619128 2.008101
64.788865 2.005640
64.958383 2.003183
65.127680 2.000728
65.296755 1.998276
65.465606 1.995826
65.634230 1.993380
65.802627 1.990936
65.970794 1.988495
66.138730 1.986057
66.306433 1.983621
66.473901 1.981189
66.641132 1.978759
66.808124 1.976332
66.974876 1.973907
67.141385 1.971486
67.307650 1.969067
67.473670 1.966651
67.639441 1.964238
67.804962 1.961827
67.970232 1.959420
68.135249 1.957015
68.300010 1.954613
68.464513 1.952213
68.628758 1.949817
68.792741 1.947423
68.956461 1.945032
69.119916 1.942644
69.283103 1.940258
69.446022 1.937876
69.608670 1.935496
69.771045 1.933119
69.933145 1.930745
70.094969 1.928373
70.256513 1.926004
70.417776 1.923638
70.578757 1.921275
70.739452 1.918915
70.899861 1.916557
71.059980 1.914202
71.219808 1.911850
71.379343 1.909501
71.538583 1.907154
71.697525 1.904811
71.856168 1.902470
72.014509 1.900131
72.172547 1.897796
72.330278 1.895463
72.487702 1.893134
72.644815 1.890806
72.801616 1.888482
72.958103 1.886161
73.114273 1.883842
73.270124 1.881526
73.425654 1.879213
73.580860 1.876902
73.735741 1.874595
73.890295 1.872290
74.044518 1.869988
74.198409 1.867689
74.351965 1.865392
74.505184 1.863098
74.658065 1.860807
74.810603 1.858519
74.962798 1.856234
75.114647 1.853951
75.266147 1.851671
75.417297 1.849394
75.568093 1.847120
75.718533 1.844849
75.868616 1.842580
76.018338 1.840314
76.167697 1.838051
76.316691 1.835790
76.465317 1.833533
76.613573 1.831278
76.761456 1.829026
76.908964 1.826777
77.056094 1.824530
77.202844 1.822286
77.349211 1.820046
77.495193 1.817807
77.640787 1.815572
77.785991 1.813339
77.930801 1.811110
78.075216 1.808883
78.219233 1.806658
78.362848 1.804437
78.506060 1.802218
78.648866 1.800002
78.791263 1.797789
78.933248 1.795579
79.074819 1.793371
79.215973 1.791166
79.356707 1.788964
79.497019 1.786765
79.636905 1.784569
79.776363 1.782375
79.915390 1.780184
80.053983 1.777996
80.192140 1.775811
80.329857 1.773628
80.467132 1.771448
80.603962 1.769271
80.740343 1.767097
80.876274 1.764925
81.011750 1.762757
81.146770 1.760591
81.281329 1.758428
81.415426 1.756267
81.549056 1.754110
81.682218 1.751955
81.814907 1.749803
81.947121 1.747654
82.078857 1.745507
82.210112 1.743364
82.340882 1.741223
82.471165 1.739085
82.600956 1.736949
82.730254 1.734817
82.859055 1.732687
82.987355 1.730560
83.115151 1.728436
83.242440 1.726314
83.369220 1.724196
83.495485 1.722080
83.621234 1.719967
83.746462 1.717856
83.871167 1.715749
83.995345 1.713644
84.118992 1.711542
84.242106 1.709443
84.364682 1.707346
84.486717 1.705253
84.608208 1.703162
84.729151 1.701074
84.849542 1.698988
84.969379 1.696906
85.088657 1.694826
85.207372 1.692749
85.325522 1.690675
85.443102 1.688604
85.560109 1.686535
85.676539 1.684469
85.792388 1.682406
85.907652 1.680346
86.022329 1.678288
86.136413 1.676233
86.249901 1.674181
86.362789 1.672132
86.475073 1.670086
86.586750 1.668042
86.697815 1.666001
86.808264 1.663963
86.918094 1.661928
87.027300 1.659895
87.135878 1.657866
87.243825 1.655839
87.351135 1.653815
87.457806 1.651793
87.563832 1.649774
87.669209 1.647759
87.773934 1.645746
87.878001 1.643735
87.981408 1.641728
88.084148 1.639723
88.186219 1.637721
88.287615 1.635722
88.388333 1.633725
88.488488 1.631732
88.588589 1.629741
88.688689 1.627753
88.788789 1.625768
88.888889 1.623785
88.988989 1.621805
89.089089 1.619829
89.189189 1.617854
89.289289 1.615883
89.389389 1.613914
89.489489 1.611949
89.589590 1.609985
89.689690 1.608025
89.789790 1.606068
89.889890 1.604113
89.989990 1.602161
90.090090 1.600212
90.190190 1.598266
90.290290 1.596322
90.390390 1.594381
90.490490 1.592443
90.590591 1.590508
90.690691 1.588575
90.790791 1.586646
90.890891 1.584719
90.990991 1.582794
91.091091 1.580873
91.191191 1.578955
91.291291 1.577039
91.391391 1.575126
91.491491 1.573215
91.591592 1.571308
91.691692 1.569403
91.791792 1.567501
91.891892 1.565602
91.991992 1.563706
92.092092 1.561812
92.192192 1.559921
92.292292 1.558033
92.392392 1.556148
92.492492 1.554266
92.592593 1.552386
92.692693 1.550509
92.792793 1.548635
92.892893 1.546764
92.992993 1.544895
93.093093 1.543029
93.193193 1.541166
93.293293 1.539306
93.393393 1.537449
93.493493 1.535594
93.593594 1.533742
93.693694 1.531893
93.793794 1.530046
93.893894 1.528203
93.993994 1.526362
94.094094 1.524524
94.194194 1.522689
94.294294 1.520856
94.394394 1.519027
94.494494 1.517200
94.594595 1.515376
94.694695 1.513554
94.794795 1.511736
94.894895 1.509920
94.994995 1.508107
95.095095 1.506297
95.195195 1.504489
95.295295 1.502685
95.395395 1.500883
95.495495 1.499084
95.595596 1.497287
95.695696 1.495494
95.795796 1.493703
95.895896 1.491915
95.995996 1.490130
96.096096 1.488347
96.196196 1.486568
96.296296 1.484791
96.396396 1.483017
96.496496 1.481246
96.596597 1.479477
96.696697 1.477711
96.796797 1.475948
96.896897 1.474188
96.996997 1.472431
97.097097 1.470676
97.197197 1.468924
97.297297 1.467175
97.397397 1.465429
97.497497 1.463685
97.597598 1.461944
97.697698 1.460206
97.797798 1.458471
97.897898 1.456739
97.997998 1.455009
98.098098 1.453282
98.198198 1.451558
98.298298 1.449837
98.398398 1.448118
98.498498 1.446403
98.598599 1.444690
98.698699 1.442980
98.798799 1.441272
98.898899 1.439568
98.998999 1.437866
99.099099 1.436167
99.199199 1.434470
99.299299 1.432777
99.399399 1.431086
99.499499 1.429398
99.599600 1.427713
99.699700 1.426031
99.799800 1.424351
99.899900 1.422674
100.000000 1.421000
