0.467980295566502	2.7662482169124
0.428571428571429	2.76265656486314
0.396648044692737	2.70069123838303
0.353293413173653	2.63681403457611
0.467980295566502	2.66853064439368
0.4375	2.63698732582443
0.41304347826087	2.64812446358197
0.353293413173653	2.66272820049539
0.467980295566502	2.66627009066558
0.4375	2.7401610530232
0.393258426966292	2.77550293522258
0.368421052631579	2.59231133743308
0.467980295566502	2.86403257851853
0.43455497382199	2.7864998557509
0.406593406593407	2.75022093322756
0.349397590361446	2.70939675244341
0.478260869565217	2.80901457842385
0.440414507772021	2.82242091927201
0.409836065573771	2.66584384710862
0.368421052631579	2.60085520300082
0.470588235294118	3.01712000180793
0.443298969072165	2.87116323843513
0.386363636363636	2.65640797027267
0.353293413173653	2.71052349897812
0.473170731707317	2.81112878126792
0.440414507772021	2.73078115370859
0.393258426966292	2.51162438844519
0.353293413173653	2.64996634717589
0.5	2.828328
0.467980295566502	2.7662482169124
0.428571428571429	2.76265656486314
0.396648044692737	2.70069123838303
0.353293413173653	2.63681403457611
0.467980295566502	2.66853064439368
0.4375	2.63698732582443
0.41304347826087	2.64812446358197
0.353293413173653	2.66272820049539
0.467980295566502	2.66627009066558
0.4375	2.7401610530232
0.393258426966292	2.77550293522258
0.368421052631579	2.59231133743308
0.467980295566502	2.86403257851853
0.43455497382199	2.7864998557509
0.406593406593407	2.75022093322756
0.349397590361446	2.70939675244341
0.478260869565217	2.80901457842385
0.440414507772021	2.82242091927201
0.409836065573771	2.66584384710862
0.368421052631579	2.60085520300082
0.470588235294118	3.01712000180793
0.443298969072165	2.87116323843513
0.386363636363636	2.65640797027267
0.353293413173653	2.71052349897812
0.473170731707317	2.81112878126792
0.440414507772021	2.73078115370859
0.393258426966292	2.51162438844519
0.353293413173653	2.64996634717589
0.5	2.828328
