0.000000000000000000e+00 1.358109754695040250e+00 1.301902533616857127e+01 8.562286490558000196e+01
1.064745408136846642e-02 1.586470658123901423e+00 1.283948765422602278e+01 8.557404168414876722e+01
2.454454036248599272e-02 1.828568257005206643e+00 1.266171905201077053e+01 8.550971268753647792e+01
4.196602286831212225e-02 2.084312469126168743e+00 1.248565515137249449e+01 8.543003237610639644e+01
6.318443278135293939e-02 2.353620121105397089e+00 1.231123340059446392e+01 8.533514647495647409e+01
8.847029252175804548e-02 2.636414717148389819e+00 1.213839299483107581e+01 8.522519228472708619e+01
1.180923309797315968e-01 2.932626219330001671e+00 1.196707480043238370e+01 8.510029897699308776e+01
1.523176904094068473e-01 3.242190838714516854e+00 1.179722128293868089e+01 8.496058787515021038e+01
1.914121254585900156e-01 3.565050836666239231e+00 1.162877643854068843e+01 8.480617272164309384e+01
2.356401947763652749e-01 3.901154335742047952e+00 1.146168572881611070e+01 8.463715993233752499e+01
2.852654456102883263e-01 4.250455139593296572e+00 1.129589601856333303e+01 8.445364883878357887e+01
3.405505917766092905e-01 4.612912561337707551e+00 1.113135551656670508e+01 8.425573191907932369e+01
4.017576853604634124e-01 4.988491259892420260e+00 1.096801371913664447e+01 8.404349501799698885e+01
4.691482824781738059e-01 5.377161083788299933e+00 1.080582135627886764e+01 8.381701755700038348e+01
5.429836034104361664e-01 5.778896922011069748e+00 1.064473034035557397e+01 8.357637273474125550e+01
6.235246873933419920e-01 6.193678561440530750e+00 1.048469371711057008e+01 8.332162771859626105e+01
7.110325423334385997e-01 6.621490550480146453e+00 1.032566561893786883e+01 8.305284382776790153e+01
8.057682896936683159e-01 7.062322068491563520e+00 1.016760122028106572e+01 8.277007670845077314e+01
9.079933047785716527e-01 7.516166800667065218e+00 1.001045669505787394e+01 8.247337650153511390e+01
1.017969352629742197e+00 7.983022817991135334e+00 9.854189176010450524e+00 8.216278800329411069e+01
1.135958719726003485e+00 8.462892461958727353e+00 9.698756715888674051e+00 8.183835081948302559e+01
1.262224341667109950e+00 8.955782233733303954e+00 9.544118250378987867e+00 8.150009951325209556e+01
1.397029927004753480e+00 9.461702687441283288e+00 9.390233562696971958e+00 8.114806374725918658e+01
1.540640077370462269e+00 9.980668327312994137e+00 9.237063249766805484e+00 8.078226842034979427e+01
1.693320404036279259e+00 1.051269750839190031e+01 9.084568689915714756e+00 8.040273379915326757e+01
1.855337641030985196e+00 1.105781234054466999e+01 8.932712012015620928e+00 8.000947564493114328e+01
2.026959754922095236e+00 1.161603859551508577e+01 8.781456066008669126e+00 7.960250533599729295e+01
2.208456051361667782e+00 1.218740561677364909e+01 8.630764394697772346e+00 7.918182998582381060e+01
2.400097278482218321e+00 1.277194623192323419e+01 8.480601207164074395e+00 7.874745255849072123e+01
2.602155727217684955e+00 1.336969666742879603e+01 8.330931352446125260e+00 7.829937197746673405e+01
2.814905328613324542e+00 1.398069646544617939e+01 8.181720295937070730e+00 7.783758323624859088e+01
3.038621748177571469e+00 1.460498840253090869e+01 8.032934095118806184e+00 7.736207750000778560e+01
3.273582477318485395e+00 1.524261841001419704e+01 7.884539377919700165e+00 7.687284220974865434e+01
3.520066921896884082e+00 1.589363549583744728e+01 7.736503321162803815e+00 7.636986118070657881e+01
3.778356487918974160e+00 1.655809166764491280e+01 7.588793630372046906e+00 7.585311469971613008e+01
4.048734664378114800e+00 1.723604185692397550e+01 7.441378520486813031e+00 7.532257962035151877e+01
4.331487103249965998e+00 1.792754384400680578e+01 7.294226697511659196e+00 7.477822945627269746e+01
4.626901696635214556e+00 1.863265818374721761e+01 7.147307341071424958e+00 7.422003447300087942e+01
4.935268651027704401e+00 1.935144813166125743e+01 7.000590087843663767e+00 7.364796177834249136e+01
5.256880558683897142e+00 2.008397957035642634e+01 6.854045015842828548e+00 7.306197541167567522e+01
5.592032466056112483e+00 2.083032093605901736e+01 6.707642629532152512e+00 7.246203643231089586e+01
5.941021939242919103e+00 2.159054314505353389e+01 6.561353845741643376e+00 7.184810300713364484e+01
6.304149126400244718e+00 2.236471951984848872e+01 6.415149980371888105e+00 7.122013049773480020e+01
6.681716817047083978e+00 2.315292571488408413e+01 6.269002735865416120e+00 7.057807154723160181e+01
7.074030498189677552e+00 2.395523964159686159e+01 6.122884189428886792e+00 6.992187616698096519e+01
7.481398407177969112e+00 2.477174139265594022e+01 5.976766781991075028e+00 6.925149182338500964e+01
7.904131581198364565e+00 2.560251316518600717e+01 5.830623307882965456e+00 6.856686352498789461e+01
8.342543903296261831e+00 2.644763918279027948e+01 5.684426905228162852e+00 6.786793391006297327e+01
8.796952144811445606e+00 2.730720561618553077e+01 5.538151047032602747e+00 6.715464333488742454e+01
9.267676004099314468e+00 2.818130050226118044e+01 5.391769532964587164e+00 6.642692996290367091e+01
9.755038141399561269e+00 2.907001366137069098e+01 5.245256481817082594e+00 6.568472985496516969e+01
1.025936420970369944e+01 2.997343661266374681e+01 5.098586324645623336e+00 6.492797706086672349e+01
1.078098288146116701e+01 3.089166248726372643e+01 4.951733798576469781e+00 6.415660371235878756e+01
1.132022587095279498e+01 3.182478593909370801e+01 4.804673941280752203e+00 6.337054011784704244e+01
1.187742795214874647e+01 3.277290305315116825e+01 4.657382086111597985e+00 6.256971485898096574e+01
1.245292697185632491e+01 3.373611125102895869e+01 4.509833857902374454e+00 6.175405488933437681e+01
1.304706385795099877e+01 3.471450919347676489e+01 4.362005169425186679e+00 6.092348563538534734e+01
1.366018262247186144e+01 3.570819667979486667e+01 4.213872218510062773e+00 6.007793110000365289e+01
1.429263035935007764e+01 3.671727454384761558e+01 4.065411485825934257e+00 5.921731396865611430e+01
1.494475723652625909e+01 3.774184454648157327e+01 3.916599733325945465e+00 5.834155571854284972e+01
1.561691648219979989e+01 3.878200926412949912e+01 3.767414003360384456e+00 5.745057673088091121e+01
1.630946436493962537e+01 3.983787197337711916e+01 3.617831618461405441e+00 5.654429640655240519e+01
1.702223253382769386e+01 4.084279470847254601e+01 4.059375615028240958e+00 5.509782967492367334e+01
1.775457336754353932e+01 4.184889915556404105e+01 4.475392481726276905e+00 5.367570836116731670e+01
1.850591335921982861e+01 4.295025097561920546e+01 4.282514042062479653e+00 5.276723498079542907e+01
1.927639004164370462e+01 4.397271772682442048e+01 4.651821320441468899e+00 5.137546095124373124e+01
2.006573673451584483e+01 4.499715195868728301e+01 4.995686042375133695e+00 5.000716199747934354e+01
2.087359192888796500e+01 4.589355257768593788e+01 5.882862449891402612e+00 4.822358497060302085e+01
2.169932260090882536e+01 4.691187052076914199e+01 6.170267446159128255e+00 4.691786203168896918e+01
2.254290068877413233e+01 4.793388444397699999e+01 6.431771999116647542e+00 4.563434355555446587e+01
2.340407082692787100e+01 4.896000903302266494e+01 6.667324544518471896e+00 4.437266642072102485e+01
2.428258693208931263e+01 4.999065739575213740e+01 6.876877778290634069e+00 4.313246482466567500e+01
2.517821225490752113e+01 5.102624091003990969e+01 7.060389132577056692e+00 4.191336995612103067e+01
2.608948661784641843e+01 5.186909043194422964e+01 7.760761886706742274e+00 4.037014768012757315e+01
2.701718040835170953e+01 5.290779769858126258e+01 7.884489367813720229e+00 3.920771293241224242e+01
2.796115327394020866e+01 5.395312733868549060e+01 7.981819161045343058e+00 3.806505349867074983e+01
2.892038997297263236e+01 5.477992273901880793e+01 8.580233988676020829e+00 3.663984327074134484e+01
2.989444751277105894e+01 5.583360806195024395e+01 8.615825479595496716e+00 3.555056645691447414e+01
3.088405957399945478e+01 5.689557015962461151e+01 8.624758109220998392e+00 3.447967173008279218e+01
3.188792393538644276e+01 5.772066327881919534e+01 9.112774635517318700e+00 3.316656208417993668e+01
3.290584503313194631e+01 5.879610099678124158e+01 9.058310463370924381e+00 3.214558853883880118e+01
3.393871009512100301e+01 5.988142718652391494e+01 8.977052263677895994e+00 3.114152054881490983e+01
3.498402054117453019e+01 6.071881551877000760e+01 9.347047523834611127e+00 2.993413695598787072e+01
3.604365609779590329e+01 6.182259670875915702e+01 9.201124297868460644e+00 2.897627899198663215e+01
3.711612939855487525e+01 6.267518058387715740e+01 9.485289690678410324e+00 2.783952972455339037e+01
3.820156540927309408e+01 6.380107752378907549e+01 9.273850222745538829e+00 2.692507225259831927e+01
3.929985523608789322e+01 6.467634712661491392e+01 9.468147654458496376e+00 2.585550521809097901e+01
4.041025880004449533e+01 6.582790605277092766e+01 9.190647956736262003e+00 2.498144598968022123e+01
4.153308125269781215e+01 6.673310289060482603e+01 9.291648596433793372e+00 2.397524851217885811e+01
4.266777802942656450e+01 6.791373734564064080e+01 8.947894360644031764e+00 2.313836829295490105e+01
4.381395793789613435e+01 6.885581991862811435e+01 8.952863245134958348e+00 2.219131683550498124e+01
4.497245621265177107e+01 7.006879129579498056e+01 8.543051783362406226e+00 2.138815692013202252e+01
4.614097921908354749e+01 7.105439830699917536e+01 8.450031484988111075e+00 2.049557020732908086e+01
4.732141951861660800e+01 7.206874877223287967e+01 8.297568391814689193e+00 1.963368283479993082e+01
4.851306684364891453e+01 7.333820793912224190e+01 7.782684033167382331e+00 1.887910802707268232e+01
4.971454773489046630e+01 7.440636903026755533e+01 7.530278991628069463e+00 1.806335197749120169e+01
5.092709367200961879e+01 7.550979812710927774e+01 7.216943338871113944e+00 1.727325853292599334e+01
5.215040397778949455e+01 7.665088013673843648e+01 6.842343253612378717e+00 1.650677660908220901e+01
5.338423859649805792e+01 7.783185910759289072e+01 6.406458006551140727e+00 1.576168288531069095e+01
5.462843457316631657e+01 7.905483215982536649e+01 5.909591841114552047e+00 1.503557599853557392e+01
5.588284311199773668e+01 8.046757828993825967e+01 5.181218420256220369e+00 1.435120328929765599e+01
5.714773300428214498e+01 8.176272766371536704e+01 4.588870064335480059e+00 1.364840227146035900e+01
5.842308195028014239e+01 8.299437435114624861e+01 4.061237741946163382e+00 1.294438790643920001e+01
5.970924856408458226e+01 8.440318288837580951e+01 3.330331123703173635e+00 1.226648598746946561e+01
6.100673898019793029e+01 8.586210601571330869e+01 2.545160038338210917e+00 1.159273394551266456e+01
6.231623283851923389e+01 8.737227582398742243e+01 1.708149714164430399e+00 1.091957446142692056e+01
6.363861821288081444e+01 8.893465935416470813e+01 8.220928683251120805e-01 1.024324777710278767e+01
6.494368902950287747e+01 9.043560434949466753e+01 0.000000000000000000e+00 9.564395649826934687e+00
6.601067955900079198e+01 9.107028939158443848e+01 0.000000000000000000e+00 8.929710607753312601e+00
6.706901135658340252e+01 9.168149258835713056e+01 0.000000000000000000e+00 8.318507410996575757e+00
6.811837018993919912e+01 9.226942871182674821e+01 0.000000000000000000e+00 7.730571287542735703e+00
6.915844198115281927e+01 9.283430500172764255e+01 0.000000000000000000e+00 7.165694997657548804e+00
7.018891288136316575e+01 9.337632160109919255e+01 0.000000000000000000e+00 6.623678398301516168e+00
7.120946936565455587e+01 9.389567199542059939e+01 0.000000000000000000e+00 6.104328003995443730e+00
7.221979834922169061e+01 9.439254345643888655e+01 0.000000000000000000e+00 5.607456542992297344e+00
7.321958732591143360e+01 9.486711749183308484e+01 0.000000000000000000e+00 5.132882507613116374e+00
7.420852453030065021e+01 9.531957030185169799e+01 0.000000000000000000e+00 4.680429697609391759e+00
7.518629912452897202e+01 9.575007324405827092e+01 0.000000000000000000e+00 4.249926755417622104e+00
7.615260141115906833e+01 9.615879330731102925e+01 0.000000000000000000e+00 3.841206692179524040e+00
7.710712307339299798e+01 9.654589359609711607e+01 0.000000000000000000e+00 3.454106403407925185e+00
7.804955744402268181e+01 9.691153382632816715e+01 0.000000000000000000e+00 3.088466173191195097e+00
7.897959980454170648e+01 9.725587083369184427e+01 0.000000000000000000e+00 2.744129165841822982e+00
7.989694771588786182e+01 9.757905909563353930e+01 0.000000000000000000e+00 2.420940903914198916e+00
8.080130138232686932e+01 9.788125126802196974e+01 0.000000000000000000e+00 2.118748731539819019e+00
8.169236405001592516e+01 9.816259873751914711e+01 0.000000000000000000e+00 1.837401262056526097e+00
8.256984244181612098e+01 9.842325219064481701e+01 0.000000000000000000e+00 1.576747808944603424e+00
8.343344722993474250e+01 9.866336220047838879e+01 0.000000000000000000e+00 1.336637799124695380e+00
8.428289354798855015e+01 9.888307983189207562e+01 0.000000000000000000e+00 1.116920167724627655e+00
8.511790154407333375e+01 9.908255726614785885e+01 0.000000000000000000e+00 9.174427334822937707e-01
8.593819697640890354e+01 9.926194844561959485e+01 0.000000000000000000e+00 7.380515540239335204e-01
8.674351185309501489e+01 9.942140973931658721e+01 0.000000000000000000e+00 5.785902603402142130e-01
8.753358511746746728e+01 9.956110062979125530e+01 0.000000000000000000e+00 4.388993698787671538e-01
8.830816338047534941e+01 9.968118442190019834e+01 0.000000000000000000e+00 3.188155777829135840e-01
8.906700170141319006e+01 9.978182897376365190e+01 0.000000000000000000e+00 2.181710259324049217e-01
8.980986441823164057e+01 9.986320745012324096e+01 0.000000000000000000e+00 1.367925495857033047e-01
9.053652602851339282e+01 9.992549909813699571e+01 0.000000000000000000e+00 7.450090158485145331e-02
9.124677212203857835e+01 9.996889004546872570e+01 0.000000000000000000e+00 3.110995426583217094e-02
9.194040036567000129e+01 9.999357412032723857e+01 0.000000000000000000e+00 6.425879419989667836e-03
9.261744966397532153e+01 9.999999999950958340e+01 0.000000000000000000e+00 0.000000000000000000e+00
9.328859060356936084e+01 9.999999999950961183e+01 0.000000000000000000e+00 0.000000000000000000e+00
9.395973154316340015e+01 9.999999999950962604e+01 0.000000000000000000e+00 0.000000000000000000e+00
9.463087248275743946e+01 9.999999999950965446e+01 0.000000000000000000e+00 0.000000000000000000e+00
9.530201342235142192e+01 9.999999999950959761e+01 0.000000000000000000e+00 0.000000000000000000e+00
9.597315436194547544e+01 9.999999999950962604e+01 0.000000000000000000e+00 0.000000000000000000e+00
9.664429530153945791e+01 9.999999999950959761e+01 0.000000000000000000e+00 0.000000000000000000e+00
9.731543624113353985e+01 9.999999999950964025e+01 0.000000000000000000e+00 0.000000000000000000e+00
9.798657718072757916e+01 9.999999999950965446e+01 0.000000000000000000e+00 0.000000000000000000e+00
9.865771812032154742e+01 9.999999999950959761e+01 0.000000000000000000e+00 0.000000000000000000e+00
9.932885905991561515e+01 9.999999999950965446e+01 0.000000000000000000e+00 0.000000000000000000e+00
9.999999999950965446e+01 9.999999999950965446e+01 0.000000000000000000e+00 0.000000000000000000e+00
