0.000000000000000000e+00 4.389709979379210480e+00 1.040852135914131260e+01 8.520176865842992697e+01
3.186665870849830773e-02 4.748132147566247241e+00 1.025929891463391108e+01 8.499256893479240205e+01
6.871435826610784725e-02 5.119219690825034697e+00 1.011109721719962096e+01 8.476968308900907800e+01
1.107977224877093464e-01 5.502953550222898116e+00 9.963873791681931991e+00 8.453317265516902523e+01
1.583709909604960053e-01 5.899319413278476532e+00 9.817587114570958562e+00 8.428309346926363332e+01
2.116881744536192322e-01 6.308307598717853182e+00 9.672196574298901339e+00 8.401949582413458018e+01
2.710032059054406361e-01 6.729912946651777084e+00 9.527662433257233943e+00 8.374242461727962450e+01
3.365700872285573575e-01 7.164134713865005999e+00 9.383945791450249985e+00 8.345191949190984815e+01
4.086430321570487800e-01 7.610976473925033403e+00 9.241008551704792851e+00 8.314801497163087163e+01
4.874766053454995807e-01 8.070446021831049421e+00 9.098813386360719235e+00 8.283074058910356996e+01
5.733258579152779033e-01 8.542555282937641437e+00 8.957323705371500466e+00 8.250012100902013401e+01
6.664464596301701294e-01 9.027320225899575945e+00 8.816503625747872164e+00 8.215617614571470995e+01
7.670948278707895307e-01 9.524760779395636590e+00 8.676317942282331330e+00 8.179892127571653759e+01
8.755282535650592557e-01 1.003490075239952617e+01 8.536732099495161208e+00 8.142836714553102695e+01
9.920050242205584734e-01 1.055776775777594345e+01 8.397712164746959473e+00 8.104452007493344468e+01
1.116784544193451190e+00 1.109339313898828294e+01 8.259224802465011450e+00 8.064738205603279653e+01
1.250127452318165133e+00 1.164181189971291275e+01 8.121237249435232286e+00 8.023695084836683122e+01
1.392295737011814527e+00 1.220306263616237352e+01 7.983717291112954584e+00 7.981322007026798815e+01
1.543552848957543855e+00 1.277718747192633586e+01 7.846633238909626940e+00 7.937617928673478218e+01
1.704163811461607558e+00 1.336423199514628912e+01 7.709953908414892254e+00 7.892581409403621251e+01
1.874395328569668173e+00 1.396424519784402740e+01 7.573648598515508645e+00 7.846210620126369406e+01
2.054515891019146778e+00 1.457727941723108955e+01 7.437687071375711056e+00 7.798503350904168485e+01
2.244795880095539431e+00 1.520339027882887883e+01 7.302039533245004321e+00 7.749457018559914445e+01
2.445507669452393618e+00 1.584263664123506921e+01 7.166676616062336969e+00 7.699068674039938287e+01
2.656925724946821443e+00 1.649508054237818655e+01 7.031569359826923993e+00 7.647335009551858320e+01
2.879326702531119775e+00 1.716078714708547537e+01 6.896689195708198383e+00 7.594252365495877655e+01
3.112989544239558981e+00 1.783982469583439823e+01 6.762007929869226608e+00 7.539816737207726760e+01
3.358195572295671116e+00 1.853226445452055415e+01 6.627497727979568154e+00 7.484023781530862607e+01
3.615228581358532534e+00 1.923818066508647462e+01 6.493131100395197919e+00 7.426868823235466266e+01
3.884374928920766301e+00 1.995765049686876580e+01 6.358880887984668107e+00 7.368346861301012041e+01
4.165923623861809588e+00 2.069075399851365304e+01 6.224720248582467086e+00 7.308452575079421365e+01
4.460166413152385267e+00 2.143757405031307783e+01 6.090622644051504331e+00 7.247180330355223532e+01
4.767397866698368958e+00 2.219819631681428262e+01 5.956561827938479325e+00 7.184524185319006051e+01
5.087915460304450299e+00 2.297270919955645851e+01 5.822511833707005202e+00 7.120477896470498536e+01
5.422019656729987425e+00 2.376120378978729519e+01 5.688446963534747880e+00 7.055034924467184965e+01
5.770013984801477314e+00 2.456377382101200624e+01 5.554341777661886859e+00 6.988188439934494056e+01
6.132205116538220757e+00 2.538051562122764082e+01 5.420171084279848728e+00 6.919931329253586227e+01
6.508902942239084055e+00 2.621152806469252283e+01 5.285909929949866637e+00 6.850256200342546720e+01
6.900420643470332571e+00 2.705691252308103856e+01 5.151533590542210383e+00 6.779155388446848463e+01
7.307074763886086011e+00 2.791677281587248061e+01 5.017017562688748100e+00 6.706620961955418636e+01
7.729185277803680698e+00 2.879121515981871227e+01 4.882337555741074198e+00 6.632644728257893973e+01
8.167075656448199439e+00 2.968034811733613765e+01 4.747469484229021042e+00 6.557218239659653136e+01
8.621072931770729753e+00 3.058428254366283383e+01 4.612389460814321218e+00 6.480332799370721375e+01
9.091507757736010831e+00 3.150313153262013799e+01 4.477073789735798393e+00 6.401979467585080386e+01
9.578714468965502604e+00 3.243701036081499467e+01 4.341498960742925739e+00 6.322149067667096745e+01
1.008303113661199113e+01 3.338603643011526145e+01 4.205641643516033312e+00 6.240832192461937922e+01
1.060479962133237741e+01 3.435032920822878566e+01 4.069478682571987527e+00 6.158019210747139027e+01
1.114436562321417590e+01 3.533001016721090082e+01 3.932987092655281014e+00 6.073700273842722908e+01
1.170207872850129505e+01 3.632520271972276760e+01 3.796144054615329999e+00 5.987865322397624368e+01
1.227829245295366256e+01 3.733603215285909727e+01 3.658926911720903341e+00 5.900504093337921319e+01
1.287336428166354985e+01 3.836262555935736884e+01 3.521313166718598175e+00 5.811606127190024296e+01
1.348765570514075307e+01 3.940511176599945031e+01 3.383280478877718878e+00 5.721160775311587798e+01
1.412153225146576752e+01 4.046362125900768092e+01 3.244806662091272997e+00 5.629157207729639367e+01
1.477536351429895944e+01 4.153828610623669704e+01 3.105869682974092161e+00 5.535584420920410764e+01
1.544952317652005824e+01 4.262923987595349473e+01 2.966447660025508526e+00 5.440431246245525898e+01
1.614288666596969435e+01 4.367122935387007487e+01 3.372498766630762645e+00 5.295627187796691970e+01
1.685539737802552196e+01 4.471329957012416401e+01 3.754716699424658799e+00 5.153198372895201373e+01
1.758673262262202286e+01 4.575586210273765175e+01 4.113006971545221546e+00 5.013113092425075479e+01
1.833657815262145974e+01 4.679932838254158867e+01 4.447274638296380367e+00 4.875339697732143662e+01
1.910462814704318291e+01 4.784410967408373239e+01 4.757424627698888742e+00 4.739846569681526489e+01
1.989058520308513778e+01 4.889061704641816419e+01 5.043362079099325435e+00 4.606602087311205906e+01
2.069371950906424829e+01 4.977894880054946469e+01 5.856041252131971575e+00 4.436500994599229131e+01
2.151366579251869027e+01 5.081819639897206997e+01 6.089780705446290909e+00 4.309202289428606036e+01
2.235047648292344391e+01 5.186084843427077828e+01 6.298754459653439497e+00 4.184039710481057028e+01
2.320389074175851718e+01 5.290731446844338848e+01 6.482872231058417256e+00 4.060981329926302408e+01
2.407294460566578209e+01 5.374425815171149168e+01 7.191689721765752275e+00 3.906405212532925475e+01
2.495720792193838022e+01 5.478990787122498318e+01 7.320718633426404054e+00 3.788937349374920416e+01
2.585714896854834421e+01 5.584104044125077593e+01 7.424365783326717150e+00 3.673459377428693529e+01
2.677197748698069191e+01 5.665017039929113452e+01 8.047826965195669757e+00 3.530200263441732744e+01
2.770054052773958020e+01 5.770562254537298941e+01 8.094032389025656471e+00 3.420034506453345813e+01
2.864394795763034551e+01 5.876821546024125809e+01 8.114377024738628208e+00 3.311740751353082146e+01
2.960081472402084657e+01 5.956354140044530965e+01 8.643331164166164982e+00 3.179312743438601885e+01
3.057079025652695137e+01 6.063554282429189612e+01 8.604030221522714683e+00 3.076042695320958131e+01
3.155487561248630612e+01 6.171632656406915629e+01 8.538462047104834696e+00 2.974521138787674701e+01
3.255012412005923750e+01 6.251167700482894674e+01 8.964175821259370736e+00 2.852414717299826918e+01
3.355891806327117877e+01 6.360689588410204465e+01 8.836984619990452927e+00 2.755611949501985336e+01
3.457903452139166944e+01 6.440810596901788188e+01 9.187860358642833347e+00 2.640403367101577103e+01
3.561131096990420275e+01 6.552149960409741425e+01 8.997581551731887117e+00 2.548091884286882802e+01
3.665467629349554812e+01 6.633614890727423585e+01 9.268617837530509718e+00 2.439523325392276121e+01
3.770931540690229156e+01 6.747139683731930404e+01 9.013988921256746778e+00 2.351461424017232815e+01
3.877431935104027616e+01 6.830692385634127106e+01 9.200578670520544122e+00 2.249249747191477056e+01
3.985032476876633467e+01 6.946763175257089529e+01 8.880577673941184358e+00 2.165179057277192953e+01
4.093540179079456465e+01 7.033130816104615235e+01 8.978583719529867224e+00 2.069010811873848255e+01
4.203135042207131988e+01 7.121360337496574289e+01 9.024157250422346621e+00 1.976223937395629093e+01
4.313559098610132736e+01 7.241989263504575547e+01 8.598301889631366990e+00 1.898180547468907164e+01
4.424921768733707239e+01 7.334201619940695593e+01 8.549096630086506110e+00 1.810888716990112357e+01
4.537221408145247636e+01 7.429033212630571370e+01 8.442984892593843327e+00 1.726668298052252837e+01
4.650287668223232629e+01 7.555155348520227676e+01 7.909854943111506387e+00 1.653859157062113994e+01
4.764145120277725454e+01 7.655066970153164618e+01 7.704623308064356912e+00 1.574470698936168489e+01
4.878803193480818834e+01 7.758302290983721150e+01 7.439341210426696271e+00 1.497763587923013873e+01
4.994209945904605519e+01 7.865125352792927060e+01 7.112941213416236863e+00 1.423580525765522609e+01
5.110317291183494604e+01 7.975789127314972404e+01 6.724616188807215345e+00 1.351749253758498526e+01
5.227082436639709329e+01 8.090534798136704353e+01 6.273833023770873929e+00 1.282081899442653317e+01
5.344469388939450027e+01 8.209591070727699957e+01 5.760345504263514549e+00 1.214374378804577503e+01
5.462450522298901490e+01 8.333173523124007431e+01 5.184206211674529996e+00 1.148405855669241404e+01
5.581008204412980689e+01 8.461484009798783745e+01 4.545777299450789677e+00 1.083938260165552769e+01
5.700069049677401978e+01 8.579720052547203579e+01 4.008931774593957442e+00 1.019386769958263628e+01
5.819572844435242587e+01 8.720014482249956700e+01 3.223477127667467634e+00 9.576378049499160383e+00
5.939511935734933701e+01 8.855740852177996203e+01 2.481836943632088843e+00 8.960754534272554750e+00
6.059830908950453932e+01 9.002300736435370254e+01 1.623198962016117131e+00 8.353793672787700686e+00
6.180469394639652592e+01 9.160022717067789699e+01 6.516890792705677393e-01 7.748083749767122441e+00
6.293801190931007739e+01 9.284914628205149256e+01 0.000000000000000000e+00 7.150853717334070048e+00
6.394428760391129885e+01 9.340881228414492909e+01 0.000000000000000000e+00 6.591187715256614510e+00
6.494187215574191896e+01 9.394503836121889151e+01 0.000000000000000000e+00 6.054961638198632201e+00
6.593037999578790220e+01 9.445794826319612980e+01 0.000000000000000000e+00 5.542051736237098680e+00
6.690942265702678071e+01 9.494765691330468371e+01 0.000000000000000000e+00 5.052343086144164275e+00
6.787860869294965482e+01 9.541427070990093284e+01 0.000000000000000000e+00 4.585729289563434286e+00
6.883754361121236798e+01 9.585788783243593514e+01 0.000000000000000000e+00 4.142112167043764615e+00
6.978582982354036801e+01 9.627859855284735602e+01 0.000000000000000000e+00 3.721401446647592870e+00
7.072306661310943809e+01 9.667648555370007557e+01 0.000000000000000000e+00 3.323514445810006546e+00
7.164885012073200699e+01 9.705162425444609653e+01 0.000000000000000000e+00 2.948375745078991361e+00
7.256277335128508810e+01 9.740408314722051841e+01 0.000000000000000000e+00 2.595916852319498425e+00
7.346442620193187167e+01 9.773392414364148806e+01 0.000000000000000000e+00 2.266075855913286308e+00
7.435339551380856449e+01 9.804120293413694753e+01 0.000000000000000000e+00 1.958797065432602125e+00
7.522926514897039851e+01 9.832596936137359478e+01 0.000000000000000000e+00 1.674030638210549649e+00
7.609161609452357311e+01 9.858826780942618484e+01 0.000000000000000000e+00 1.411732190172559465e+00
7.694002659599948402e+01 9.882813761037864708e+01 0.000000000000000000e+00 1.171862389234479052e+00
7.777407232217169053e+01 9.904561347011608063e+01 0.000000000000000000e+00 9.543865295114831726e-01
7.859332656365251069e+01 9.924072591512054942e+01 0.000000000000000000e+00 7.592740845212947454e-01
7.939736046775979617e+01 9.941350176215303236e+01 0.000000000000000000e+00 5.864982375030823869e-01
8.018574331228762730e+01 9.956396461275713250e+01 0.000000000000000000e+00 4.360353869131820548e-01
8.095804282097226690e+01 9.969213537458568908e+01 0.000000000000000000e+00 3.078646250986863397e-01
8.171382552359605711e+01 9.979803281160502593e+01 0.000000000000000000e+00 2.019671880933457953e-01
8.245265716382678534e+01 9.988167412528609646e+01 0.000000000000000000e+00 1.183258744262656731e-01
8.317410315804532672e+01 9.994307556894156619e+01 0.000000000000000000e+00 5.692443078482746499e-02
8.387772910856547526e+01 9.998225309741005162e+01 0.000000000000000000e+00 1.774690233015507532e-02
8.456310137479940181e+01 9.999922305432626501e+01 0.000000000000000000e+00 7.769454277652285351e-04
8.523489932844107386e+01 9.999999999950959761e+01 0.000000000000000000e+00 0.000000000000000000e+00
8.590604026803509896e+01 9.999999999950961183e+01 0.000000000000000000e+00 0.000000000000000000e+00
8.657718120762915248e+01 9.999999999950965446e+01 0.000000000000000000e+00 0.000000000000000000e+00
8.724832214722316337e+01 9.999999999950964025e+01 0.000000000000000000e+00 0.000000000000000000e+00
8.791946308681714584e+01 9.999999999950958340e+01 0.000000000000000000e+00 0.000000000000000000e+00
8.859060402641118515e+01 9.999999999950959761e+01 0.000000000000000000e+00 0.000000000000000000e+00
8.926174496600521024e+01 9.999999999950959761e+01 0.000000000000000000e+00 0.000000000000000000e+00
8.993288590559923534e+01 9.999999999950959761e+01 0.000000000000000000e+00 0.000000000000000000e+00
9.060402684519327465e+01 9.999999999950961183e+01 0.000000000000000000e+00 0.000000000000000000e+00
9.127516778478732817e+01 9.999999999950965446e+01 0.000000000000000000e+00 0.000000000000000000e+00
9.194630872438133906e+01 9.999999999950964025e+01 0.000000000000000000e+00 0.000000000000000000e+00
9.261744966397532153e+01 9.999999999950958340e+01 0.000000000000000000e+00 0.000000000000000000e+00
9.328859060356936084e+01 9.999999999950961183e+01 0.000000000000000000e+00 0.000000000000000000e+00
9.395973154316340015e+01 9.999999999950962604e+01 0.000000000000000000e+00 0.000000000000000000e+00
9.463087248275743946e+01 9.999999999950965446e+01 0.000000000000000000e+00 0.000000000000000000e+00
9.530201342235142192e+01 9.999999999950959761e+01 0.000000000000000000e+00 0.000000000000000000e+00
9.597315436194547544e+01 9.999999999950962604e+01 0.000000000000000000e+00 0.000000000000000000e+00
9.664429530153945791e+01 9.999999999950959761e+01 0.000000000000000000e+00 0.000000000000000000e+00
9.731543624113353985e+01 9.999999999950964025e+01 0.000000000000000000e+00 0.000000000000000000e+00
9.798657718072757916e+01 9.999999999950965446e+01 0.000000000000000000e+00 0.000000000000000000e+00
9.865771812032154742e+01 9.999999999950959761e+01 0.000000000000000000e+00 0.000000000000000000e+00
9.932885905991561515e+01 9.999999999950965446e+01 0.000000000000000000e+00 0.000000000000000000e+00
9.999999999950965446e+01 9.999999999950965446e+01 0.000000000000000000e+00 0.000000000000000000e+00
