0.000000000000000000e+00 0.000000000000000000e+00 2.218190265842096665e+01 7.781809734373401000e+01
0.000000000000000000e+00 0.000000000000000000e+00 2.218190265842096665e+01 7.781809734373401000e+01
0.000000000000000000e+00 0.000000000000000000e+00 2.218190265842096665e+01 7.781809734373401000e+01
0.000000000000000000e+00 0.000000000000000000e+00 2.218190265842096665e+01 7.781809734373401000e+01
0.000000000000000000e+00 0.000000000000000000e+00 2.218190265842096665e+01 7.781809734373401000e+01
0.000000000000000000e+00 0.000000000000000000e+00 2.218190265842096665e+01 7.781809734373401000e+01
0.000000000000000000e+00 0.000000000000000000e+00 2.218190265842096665e+01 7.781809734373401000e+01
0.000000000000000000e+00 0.000000000000000000e+00 2.218190265842096665e+01 7.781809734373401000e+01
0.000000000000000000e+00 0.000000000000000000e+00 2.218190265842096665e+01 7.781809734373401000e+01
0.000000000000000000e+00 0.000000000000000000e+00 2.218190265842096665e+01 7.781809734373401000e+01
0.000000000000000000e+00 0.000000000000000000e+00 2.218190265842096665e+01 7.781809734373401000e+01
0.000000000000000000e+00 0.000000000000000000e+00 2.218190265842096665e+01 7.781809734373401000e+01
0.000000000000000000e+00 0.000000000000000000e+00 2.218190265842096665e+01 7.781809734373401000e+01
0.000000000000000000e+00 0.000000000000000000e+00 2.218190265842096665e+01 7.781809734373401000e+01
0.000000000000000000e+00 0.000000000000000000e+00 2.218190265842096665e+01 7.781809734373401000e+01
0.000000000000000000e+00 0.000000000000000000e+00 2.218190265842096665e+01 7.781809734373401000e+01
0.000000000000000000e+00 0.000000000000000000e+00 2.218190265842096665e+01 7.781809734373401000e+01
0.000000000000000000e+00 0.000000000000000000e+00 2.218190265842096665e+01 7.781809734373401000e+01
0.000000000000000000e+00 0.000000000000000000e+00 2.218190265842096665e+01 7.781809734373401000e+01
0.000000000000000000e+00 0.000000000000000000e+00 2.218190265842096665e+01 7.781809734373401000e+01
0.000000000000000000e+00 0.000000000000000000e+00 2.218190265842096665e+01 7.781809734373401000e+01
0.000000000000000000e+00 0.000000000000000000e+00 2.218190265842096665e+01 7.781809734373401000e+01
0.000000000000000000e+00 0.000000000000000000e+00 2.218190265842096665e+01 7.781809734373401000e+01
0.000000000000000000e+00 0.000000000000000000e+00 2.218190265842096665e+01 7.781809734373401000e+01
0.000000000000000000e+00 0.000000000000000000e+00 2.218190265842096665e+01 7.781809734373401000e+01
0.000000000000000000e+00 0.000000000000000000e+00 2.218190265842096665e+01 7.781809734373401000e+01
0.000000000000000000e+00 0.000000000000000000e+00 2.218190265842096665e+01 7.781809734373401000e+01
0.000000000000000000e+00 0.000000000000000000e+00 2.218190265842096665e+01 7.781809734373401000e+01
0.000000000000000000e+00 0.000000000000000000e+00 2.218190265842096665e+01 7.781809734373401000e+01
0.000000000000000000e+00 0.000000000000000000e+00 2.218190265842096665e+01 7.781809734373401000e+01
0.000000000000000000e+00 0.000000000000000000e+00 2.218190265842096665e+01 7.781809734373401000e+01
0.000000000000000000e+00 0.000000000000000000e+00 2.218190265842096665e+01 7.781809734373401000e+01
0.000000000000000000e+00 0.000000000000000000e+00 2.218190265842096665e+01 7.781809734373401000e+01
0.000000000000000000e+00 0.000000000000000000e+00 2.218190265842096665e+01 7.781809734373401000e+01
0.000000000000000000e+00 0.000000000000000000e+00 2.218190265842096665e+01 7.781809734373401000e+01
0.000000000000000000e+00 0.000000000000000000e+00 2.218190265842096665e+01 7.781809734373401000e+01
0.000000000000000000e+00 0.000000000000000000e+00 2.218190265842096665e+01 7.781809734373401000e+01
0.000000000000000000e+00 0.000000000000000000e+00 2.218190265842096665e+01 7.781809734373401000e+01
0.000000000000000000e+00 0.000000000000000000e+00 2.218190265842096665e+01 7.781809734373401000e+01
0.000000000000000000e+00 0.000000000000000000e+00 2.218190265842096665e+01 7.781809734373401000e+01
0.000000000000000000e+00 0.000000000000000000e+00 2.218190265842096665e+01 7.781809734373401000e+01
0.000000000000000000e+00 0.000000000000000000e+00 2.218190265842096665e+01 7.781809734373401000e+01
0.000000000000000000e+00 0.000000000000000000e+00 2.218190265842096665e+01 7.781809734373401000e+01
0.000000000000000000e+00 0.000000000000000000e+00 2.218190265842096665e+01 7.781809734373401000e+01
0.000000000000000000e+00 0.000000000000000000e+00 2.218190265842096665e+01 7.781809734373401000e+01
0.000000000000000000e+00 0.000000000000000000e+00 2.218190265842096665e+01 7.781809734373401000e+01
0.000000000000000000e+00 0.000000000000000000e+00 2.218190265842096665e+01 7.781809734373401000e+01
0.000000000000000000e+00 0.000000000000000000e+00 2.218190265842096665e+01 7.781809734373401000e+01
0.000000000000000000e+00 0.000000000000000000e+00 2.218190265842096665e+01 7.781809734373401000e+01
0.000000000000000000e+00 0.000000000000000000e+00 2.218190265842096665e+01 7.781809734373401000e+01
0.000000000000000000e+00 0.000000000000000000e+00 2.218190265842096665e+01 7.781809734373401000e+01
0.000000000000000000e+00 0.000000000000000000e+00 2.218190265842096665e+01 7.781809734373401000e+01
0.000000000000000000e+00 0.000000000000000000e+00 2.218190265842096665e+01 7.781809734373401000e+01
2.013413800268734909e-06 5.660352004529085587e-06 2.218189516977956544e+01 7.781809916825298501e+01
7.048827379622186681e-03 1.944954221414270379e-02 2.215618388097868774e+01 7.782436657522838175e+01
2.804697279656363784e-02 7.598179903069059160e-02 2.208142940586060732e+01 7.784258879356563909e+01
6.347739306700615758e-02 1.688952065532842439e-01 2.195856693046738783e+01 7.787253786147101664e+01
1.138159099383387746e-01 2.975187821195171001e-01 2.178848371739191236e+01 7.791399749901397342e+01
1.795336424381552276e-01 4.612157366083642906e-01 2.157202181397505925e+01 7.796676244797471611e+01
2.610973918177119657e-01 6.593815488277812165e-01 2.130998059860673166e+01 7.803063785115553230e+01
3.586926148789111868e-01 8.907533269492960981e-01 2.100505186688158688e+01 7.810419480249065316e+01
4.678260113746591786e-01 1.142722552374167533e+00 2.069179797604779836e+01 7.816547946807179414e+01
5.869545800371619437e-01 1.410584393960276239e+00 2.038263117209399411e+01 7.820678443050040585e+01
7.163064985248568384e-01 1.694121718733391679e+00 2.007740451402479209e+01 7.822847376385593066e+01
8.561081319193255545e-01 1.993126744624679647e+00 1.977597667351094302e+01 7.823089657839878441e+01
1.006584102643353518e+00 2.307400481443995233e+00 1.947821168095871158e+01 7.821438783432532205e+01
1.167957349098907471e+00 2.636752197208139581e+00 1.918397868522594507e+01 7.817926911434864223e+01
1.340449173357700197e+00 2.980998907914885088e+00 1.889315172967383916e+01 7.812584935909035266e+01
1.524279278197083975e+00 3.339964888990669234e+00 1.860560954070632889e+01 7.805442556719087577e+01
1.719665793737579662e+00 3.713481206766657827e+00 1.832123532799774068e+01 7.796528346217380090e+01
1.926825293904245839e+00 4.101385268453323185e+00 1.803991659849913276e+01 7.785869813003483841e+01
2.145972802902986754e+00 4.503520389190775575e+00 1.776154497990945913e+01 7.773493462775350338e+01
2.377321791874085211e+00 4.919735374850537468e+00 1.748601605580809348e+01 7.759424856642287693e+01
2.621084165858610593e+00 5.349884119355245993e+00 1.721322920889898711e+01 7.743688666867961956e+01
2.877470241188724742e+00 5.793825215366486425e+00 1.694308747610946497e+01 7.726308730569471095e+01
3.146688713390517922e+00 6.251421577269162810e+00 1.667549740940201275e+01 7.707308101054223926e+01
3.428946615667051390e+00 6.722540075452508646e+00 1.641036894739443497e+01 7.686709097440797223e+01
3.724449268010047831e+00 7.207051180954507252e+00 1.614761529314122512e+01 7.664533352319956805e+01
4.033400216971716468e+00 7.704828619599816797e+00 1.588715279983405360e+01 7.640801857790063423e+01
4.356001166111482803e+00 8.215749034817859453e+00 1.562890086332424922e+01 7.615535009923063114e+01
4.692451897118528059e+00 8.739691658383257789e+00 1.537278182119144532e+01 7.588752651783519809e+01
5.042950181597729120e+00 9.276537988371130083e+00 1.511872085800919940e+01 7.560474115106558202e+01
5.407691683494770807e+00 9.826171473667328016e+00 1.486664591638511013e+01 7.530718260718786894e+01
5.786869852125946956e+00 1.038847720441886935e+01 1.461648761413686159e+01 7.499503517895891491e+01
6.180675805769110909e+00 1.096334160785235134e+01 1.436817916531720130e+01 7.466847922437813168e+01
6.589298205764201555e+00 1.155065214892783843e+01 1.412165630815426454e+01 7.432769154049759663e+01
7.012923121065628429e+00 1.215029703533463667e+01 1.387685723632130141e+01 7.397284572595481222e+01
7.451733883183154994e+00 1.276216492637115252e+01 1.363372253529994360e+01 7.360411253596971903e+01
7.905910931444003253e+00 1.338614464528586900e+01 1.339219512294823922e+01 7.322166022943591202e+01
8.375631648506564275e+00 1.402212489469076218e+01 1.315222019415926091e+01 7.282565490884826431e+01
8.861070186054019970e+00 1.466999397468943300e+01 1.291374516941318262e+01 7.241626085362310050e+01
9.362397280596788107e+00 1.532963950339473946e+01 1.267671964703633947e+01 7.199364084732118840e+01
9.879780059313302942e+00 1.600094813954002504e+01 1.244109535899102426e+01 7.155795649924699831e+01
1.041338183586180044e+01 1.668380530691836583e+01 1.220682612993769922e+01 7.110936856065652023e+01
1.096336189609936085e+01 1.737809492041281700e+01 1.197386784004965321e+01 7.064803723736442009e+01
1.152987527365298348e+01 1.808369911341362979e+01 1.174217838951272519e+01 7.017412249492822696e+01
1.211307251527826878e+01 1.880049796642148152e+01 1.151171766775980387e+01 6.968778436370178042e+01
1.271309943598641112e+01 1.952836923672139591e+01 1.128244752410861551e+01 6.918918323708105333e+01
1.333009686388803594e+01 2.026718808897262747e+01 1.105433174158676657e+01 6.867848016737919181e+01
1.396420037473745168e+01 2.101682682662505286e+01 1.082733601308910565e+01 6.815583715793745512e+01
1.461554001617137111e+01 2.177715462409534197e+01 1.060142792046187843e+01 6.762141745343492971e+01
1.528424002164856255e+01 2.254803725965976113e+01 1.037657691451737740e+01 6.707538582384103165e+01
1.597041851411372448e+01 2.332933684904848093e+01 1.015275429899413417e+01 6.651790885000117726e+01
1.667418719942894256e+01 2.412091157975643085e+01 9.929933215220804854e+00 6.594915520309167789e+01
1.739565104963536868e+01 2.492261544611221069e+01 9.708088629252333845e+00 6.536929592272909417e+01
1.813490797613037842e+01 2.573429798517548761e+01 9.487197320745586637e+00 6.477850469219676199e+01
1.889204849287046528e+01 2.655580401356320408e+01 9.267237873558274330e+00 6.417695811102022674e+01
1.966715536973539358e+01 2.738697336533246229e+01 9.048190667967618950e+00 6.356483596486500431e+01
2.046030327621881639e+01 2.822764063107966592e+01 8.830037874318483304e+00 6.294232149244334096e+01
2.127155841563983074e+01 2.907763489844344562e+01 8.612763448609527472e+00 6.230960165115762095e+01
2.210097815010347233e+01 2.993677949423106810e+01 8.396353128084163231e+00 6.166686737591751921e+01
2.294861061647269906e+01 3.080489172841830836e+01 8.180794429776931054e+00 6.101431384005934433e+01
2.381320088755465036e+01 3.160358488422573231e+01 8.565425212360706198e+00 5.983098990169805376e+01
2.469516326710116516e+01 3.248886039200976938e+01 8.338102500969087671e+00 5.917303710532682004e+01
2.559435260807931911e+01 3.330002982651195254e+01 8.677569190727751902e+00 5.802240098109502497e+01
2.651041749226887134e+01 3.420151223200628721e+01 8.439149833669427281e+00 5.735933793267946612e+01
2.744340176542958076e+01 3.502467265165324051e+01 8.734945152410737990e+00 5.624038219431928098e+01
2.839326481119088896e+01 3.594135166874914233e+01 8.486103874597324292e+00 5.557254445505649443e+01
2.935921032293363808e+01 3.677596058030972159e+01 8.739747410141134765e+00 5.448429200797947658e+01
3.034225720768954204e+01 3.761496927949622204e+01 8.962995937138360958e+00 5.342203478182236154e+01
3.134052376567908027e+01 3.855222503086584851e+01 8.694207476456231376e+00 5.275356749115371002e+01
3.235511437330928430e+01 3.940202651759053509e+01 8.877805499104923115e+00 5.172016798180607822e+01
3.338596105889352827e+01 4.035167719443983714e+01 8.600596675579371464e+00 5.104772612850037206e+01
3.443118432313674049e+01 4.121157268011719310e+01 8.746146356137076694e+00 5.004228096229033440e+01
3.549211577015960017e+01 4.207593349693877371e+01 8.863687016671569552e+00 4.906037948495868761e+01
3.656846864958392018e+01 4.294494837004679511e+01 8.953698059128182507e+00 4.810135356941795237e+01
3.765895454333733028e+01 4.391517130830267490e+01 8.652515790125036688e+00 4.743231290018207602e+01
3.876387458779815631e+01 4.479319186465042435e+01 8.708194677132038208e+00 4.649861345685032887e+01
3.988338285920753634e+01 4.567583451984872056e+01 8.737929771026159642e+00 4.558623570778024714e+01
4.101716846888024293e+01 4.665806355720435050e+01 8.424354816708639504e+00 4.491758162475814942e+01
4.216365332408055622e+01 4.754856485182988735e+01 8.422576212509854443e+00 4.402885893435300346e+01
4.332388727952846352e+01 4.844354315380918763e+01 8.396542423133704247e+00 4.315991442177092097e+01
4.449759417968686392e+01 4.934307145728993049e+01 8.346864315076535590e+00 4.231006422636783526e+01
4.568424521493880519e+01 5.033603943662379976e+01 8.018520853922625591e+00 4.164543970820264462e+01
4.688267179030921028e+01 5.124176597181639892e+01 7.941430435511589891e+00 4.081680359144074544e+01
4.809371823661926726e+01 5.215172896462739516e+01 7.842537939473285036e+00 4.000573309468708771e+01
4.931710868567238037e+01 5.306592733952822982e+01 7.722533881726231897e+00 3.921153877755189399e+01
5.055186217919814595e+01 5.406338695709331432e+01 7.384908916396409673e+00 3.855170412533034607e+01
5.179756324971298653e+01 5.498177069387271132e+01 7.241809358488991322e+00 3.777641994647602530e+01
5.305472713630796733e+01 5.590390042743430854e+01 7.079588626132530926e+00 3.701651094528799035e+01
5.432295130623345614e+01 5.690046939724409469e+01 6.739685737611203820e+00 3.635984486401260085e+01
5.560046335172411602e+01 5.782494823626337421e+01 6.557566904687869958e+00 3.561748485793301455e+01
5.688852169601317144e+01 5.875255758397529604e+01 6.358407418165254121e+00 3.488903499675947728e+01
5.818673352425474121e+01 5.974425196397100990e+01 6.018822107909685748e+00 3.423692592658508005e+01
5.949303158111830214e+01 6.067218717892840374e+01 5.803034173679001206e+00 3.352477864631985938e+01
6.080891624655320982e+01 6.160251065769300993e+01 5.572368494388824089e+00 3.282512084685976816e+01
6.213324367000026882e+01 6.258515507596074201e+01 5.235681119120502380e+00 3.217916380387196540e+01
6.346510009414460285e+01 6.351359713993402778e+01 4.991713935718414596e+00 3.149468892331438497e+01
6.480553271658709491e+01 6.444355916092064263e+01 4.735104758208820819e+00 3.082133607985042545e+01
6.615170202604804217e+01 6.541279867848024310e+01 4.403863951504109586e+00 3.018333736900625652e+01
