0.000000000000000000e+00 0.000000000000000000e+00 0.000000000000000000e+00 1.000000000063280083e+02
0.000000000000000000e+00 0.000000000000000000e+00 0.000000000000000000e+00 1.000000000063280083e+02
0.000000000000000000e+00 0.000000000000000000e+00 0.000000000000000000e+00 1.000000000063280083e+02
7.497963665948298797e-05 3.723988620754322201e-03 0.000000000000000000e+00 9.999627600971568597e+01
5.939257011336410846e-04 2.212373236722812997e-02 0.000000000000000000e+00 9.997787626599449595e+01
1.870714148706993651e-03 5.574728163146840804e-02 0.000000000000000000e+00 9.994425271683594758e+01
4.204892328367270879e-03 1.044214928211205651e-01 0.000000000000000000e+00 9.989557850569147490e+01
7.891844682999631100e-03 1.679835511095635614e-01 0.000000000000000000e+00 9.983201644736793412e+01
1.322311938855475454e-02 2.462805986118322965e-01 0.000000000000000000e+00 9.975371940004261262e+01
2.048674128222660942e-02 3.391693834501961491e-01 0.000000000000000000e+00 9.966083061507038110e+01
2.996751207277145723e-02 4.465159298842946711e-01 0.000000000000000000e+00 9.955348406885504176e+01
4.194729851955048688e-02 5.681952254011838344e-01 0.000000000000000000e+00 9.943180477322600552e+01
5.670530960320236541e-02 7.040909275730961037e-01 0.000000000000000000e+00 9.929590907132362076e+01
7.451836317493402972e-02 8.540950856203978203e-01 0.000000000000000000e+00 9.914590491328368671e+01
9.566114304641656907e-02 1.018107879565433471e+00 0.000000000000000000e+00 9.898189211917114960e+01
1.204064469453920566e-01 1.196037372990894632e+00 0.000000000000000000e+00 9.880396262602084789e+01
1.490254260406073117e-01 1.387799280003155777e+00 0.000000000000000000e+00 9.861220071906180351e+01
1.817878166676137053e-01 1.593316746086731905e+00 0.000000000000000000e+00 9.840668325268484296e+01
2.189621647513560199e-01 1.812520141552891761e+00 0.000000000000000000e+00 9.818747985732613870e+01
2.608160432592080413e-01 2.045346865559052318e+00 0.000000000000000000e+00 9.795465313366332794e+01
3.076162635104793819e-01 2.291741163153071081e+00 0.000000000000000000e+00 9.770825883620864261e+01
3.596290804603960445e-01 2.551653951838048329e+00 0.000000000000000000e+00 9.744834604748756135e+01
4.171203926435449461e-01 2.825042659267644751e+00 0.000000000000000000e+00 9.717495733975079020e+01
4.803559368971586641e-01 3.111871069464201778e+00 0.000000000000000000e+00 9.688812892948544686e+01
5.496014785387965951e-01 3.412109179261695768e+00 0.000000000000000000e+00 9.658789082021658601e+01
6.251229969216642868e-01 3.725733061653119016e+00 0.000000000000000000e+00 9.627426693746816966e+01
7.071868675137432669e-01 4.052724740751837196e+00 0.000000000000000000e+00 9.594727525882693442e+01
7.960600396194962292e-01 4.393072070492775261e+00 0.000000000000000000e+00 9.560692792869647860e+01
8.920102113147516665e-01 4.746768624496357170e+00 0.000000000000000000e+00 9.525323137459670875e+01
9.953060009731156121e-01 5.113813591206698206e+00 0.000000000000000000e+00 9.488618640865662712e+01
1.106217115615681923e+00 5.494211674224553477e+00 0.000000000000000000e+00 9.450578832555254394e+01
1.225014517715284024e+00 5.887973004502494057e+00 0.000000000000000000e+00 9.411202699547031614e+01
1.351970588370764892e+00 6.295113052101373619e+00 0.000000000000000000e+00 9.370488694777382932e+01
1.487359289522955486e+00 6.715652549664254067e+00 0.000000000000000000e+00 9.328434745041768394e+01
1.631456323222759908e+00 7.149617416476211851e+00 0.000000000000000000e+00 9.285038258294811442e+01
1.784539290399163924e+00 7.597038693413583843e+00 0.000000000000000000e+00 9.240296130645057815e+01
1.946887846927775501e+00 8.057952477562182025e+00 0.000000000000000000e+00 9.194204752192877095e+01
2.118783859252278301e+00 8.532399865637554370e+00 0.000000000000000000e+00 9.146760013370570164e+01
2.300511558792595945e+00 9.020426901581494405e+00 0.000000000000000000e+00 9.097957309797594405e+01
2.492357694760212627e+00 9.522084526135172311e+00 0.000000000000000000e+00 9.047791547326279726e+01
2.694611687350958018e+00 1.003742853538231827e+01 0.000000000000000000e+00 8.996257146404289529e+01
2.907565779266759076e+00 1.056651953928651544e+01 0.000000000000000000e+00 8.943348046102441629e+01
3.131515186940085016e+00 1.110942292509697005e+01 0.000000000000000000e+00 8.889057707459345181e+01
3.366758252612203517e+00 1.166620882881903221e+01 0.000000000000000000e+00 8.833379117180523110e+01
3.613596593963112280e+00 1.223695210228417452e+01 0.000000000000000000e+00 8.776304789747290158e+01
3.872335256492018818e+00 1.282173229371801959e+01 0.000000000000000000e+00 8.717826770584279927e+01
4.143282863609513811e+00 1.342063362343081678e+01 0.000000000000000000e+00 8.657936637639298283e+01
4.426751767753009048e+00 1.403374496585528597e+01 0.000000000000000000e+00 8.596625503399715740e+01
4.723058202485048263e+00 1.466115983688067104e+01 0.000000000000000000e+00 8.533884016299666087e+01
5.032522434252611809e+00 1.530297638170692309e+01 0.000000000000000000e+00 8.469702361920926137e+01
5.355468914310134387e+00 1.595929736464420046e+01 0.000000000000000000e+00 8.404070263631217585e+01
5.692226432507951017e+00 1.663023016556244471e+01 0.000000000000000000e+00 8.336976983413084952e+01
6.043128271633523063e+00 1.731588677833451939e+01 0.000000000000000000e+00 8.268411322219851911e+01
6.408512360256328755e+00 1.801638380524892113e+01 0.000000000000000000e+00 8.198361619448387216e+01
6.788721430498418918e+00 1.873184246563452504e+01 0.000000000000000000e+00 8.126815753547877819e+01
7.184103172210121180e+00 1.946238859380560626e+01 0.000000000000000000e+00 8.053761140707388222e+01
7.595010392936629273e+00 2.020815265263496130e+01 0.000000000000000000e+00 7.979184734715522609e+01
8.021801176004322187e+00 2.096926974078322914e+01 0.000000000000000000e+00 7.903073026044357619e+01
8.464839038429451179e+00 2.174587959872393483e+01 0.000000000000000000e+00 7.825412040110357736e+01
8.924493096327283936e+00 2.253812663309771480e+01 0.000000000000000000e+00 7.746187336820290170e+01
9.401138222866775251e+00 2.334615992011915964e+01 0.000000000000000000e+00 7.665384008121783666e+01
9.895155215438952823e+00 2.417013323115416412e+01 0.000000000000000000e+00 7.582986676872764065e+01
1.040693096087463232e+01 2.501020505113419290e+01 0.000000000000000000e+00 7.498979494876526530e+01
1.093685860072954341e+01 2.586653859537621969e+01 0.000000000000000000e+00 7.413346140484176772e+01
1.148533770085716554e+01 2.673930183480808864e+01 0.000000000000000000e+00 7.326069816667111922e+01
1.205277442082700468e+01 2.762866751851113634e+01 0.000000000000000000e+00 7.237133248300288813e+01
1.263958168652043135e+01 2.853481320138703836e+01 0.000000000000000000e+00 7.146518680016144742e+01
1.324617936248409578e+01 2.945792126880791173e+01 0.000000000000000000e+00 7.054207873277475471e+01
1.387299442702716057e+01 3.039817896510362871e+01 0.000000000000000000e+00 6.960182103651297325e+01
1.452046114871872717e+01 3.135577842259551318e+01 0.000000000000000000e+00 6.864422157905468680e+01
1.518902126438321787e+01 3.233091669132998902e+01 0.000000000000000000e+00 6.766908331002861132e+01
1.587912415920190234e+01 3.332379577071948518e+01 0.000000000000000000e+00 6.667620422933137547e+01
1.659122704891271738e+01 3.433462264288882437e+01 0.000000000000000000e+00 6.566537735886065263e+01
1.732579515933304037e+01 3.536360929781675111e+01 0.000000000000000000e+00 6.463639070226594185e+01
1.808330191674343368e+01 3.641097277830772327e+01 0.000000000000000000e+00 6.358902722179057321e+01
1.886422912962219911e+01 3.747693520418277302e+01 0.000000000000000000e+00 6.252306479766382807e+01
1.966906717655257708e+01 3.856172380666228605e+01 0.000000000000000000e+00 6.143827619487144176e+01
2.049831519864474672e+01 3.966557096880606537e+01 0.000000000000000000e+00 6.033442903275613389e+01
2.135248128730876616e+01 4.078871425396161499e+01 0.000000000000000000e+00 5.921128574797995725e+01
2.223208267646068848e+01 4.193139644041319514e+01 0.000000000000000000e+00 5.806860356120530042e+01
2.313764593737663233e+01 4.309386555836398003e+01 0.000000000000000000e+00 5.690613444328230486e+01
2.406970717081174627e+01 4.427637491914752843e+01 0.000000000000000000e+00 5.572362508105680234e+01
2.502881220479657998e+01 4.547918315261817668e+01 0.000000000000000000e+00 5.452081684760072733e+01
2.601551678888767682e+01 4.670255423547305895e+01 0.000000000000000000e+00 5.329744576625575547e+01
2.703038679074290940e+01 4.794675752167493243e+01 0.000000000000000000e+00 5.205324247857286935e+01
2.807399839799490238e+01 4.921206778001459270e+01 0.000000000000000000e+00 5.078793222214184055e+01
2.914693830931211949e+01 5.049876521031983856e+01 0.000000000000000000e+00 4.950123478995626414e+01
3.024980394098856706e+01 5.180713548514134459e+01 0.000000000000000000e+00 4.819286451514884106e+01
3.138320361940375847e+01 5.313746976467227512e+01 0.000000000000000000e+00 4.686253023757364389e+01
3.254775677952782331e+01 5.449006472078254149e+01 0.000000000000000000e+00 4.550993528110703323e+01
3.374409416720683197e+01 5.586522256570909661e+01 0.000000000000000000e+00 4.413477743659565533e+01
3.497285803067326526e+01 5.726325106121227293e+01 0.000000000000000000e+00 4.273674893913297979e+01
3.623470232242140554e+01 5.868446354392161624e+01 0.000000000000000000e+00 4.131553645643714390e+01
3.753029288943283603e+01 6.012917893038164152e+01 0.000000000000000000e+00 3.987082107201056402e+01
3.886030766642880252e+01 6.159772172657331879e+01 0.000000000000000000e+00 3.840227827584777742e+01
4.020863021235607704e+01 6.291883388876802030e+01 3.728833029214571049e-01 3.670828280700496293e+01
4.155284845176786490e+01 6.425171085995114595e+01 5.275040172296119323e-01 3.522078512155948715e+01
4.290987996739634269e+01 6.564024987265233335e+01 5.401607651995704584e-01 3.381958936092193824e+01
4.428103273779485960e+01 6.702966641026806371e+01 5.266649040939124227e-01 3.244366868444497243e+01
4.566692028427659977e+01 6.846077263551016756e+01 4.386005154378122550e-01 3.110062684788761800e+01
4.706831971704647799e+01 6.993593782043093654e+01 2.880272911298802363e-01 2.977603488730003534e+01
4.848763568773509292e+01 7.149257709367120128e+01 5.209908015648621882e-02 2.845532382505248492e+01
4.986312517337785977e+01 7.283927108660098781e+01 0.000000000000000000e+00 2.716072891236089859e+01
5.122046355070781942e+01 7.409562202966471034e+01 0.000000000000000000e+00 2.590437796931971803e+01
5.257186097019940263e+01 7.531930081307413616e+01 0.000000000000000000e+00 2.468069918593250378e+01
5.391695976842731852e+01 7.651073338567306337e+01 0.000000000000000000e+00 2.348926661335553590e+01
5.525539738190406780e+01 7.767032273494064043e+01 0.000000000000000000e+00 2.232967726410960196e+01
5.658680589839371322e+01 7.879844933514638683e+01 0.000000000000000000e+00 2.120155066392529619e+01
5.791081159849563420e+01 7.989547155718381077e+01 0.000000000000000000e+00 2.010452844190901800e+01
5.922703448645114577e+01 8.096172604111212934e+01 0.000000000000000000e+00 1.903827395800163202e+01
6.053508780909583464e+01 8.199752803232071585e+01 0.000000000000000000e+00 1.800247196681358375e+01
6.183457756185327980e+01 8.300317168212737329e+01 0.000000000000000000e+00 1.699682831702738994e+01
6.312510198062850719e+01 8.397893031351469517e+01 0.000000000000000000e+00 1.602106968566026524e+01
6.440625101842559275e+01 8.492505665261425918e+01 0.000000000000000000e+00 1.507494334658064083e+01
6.567760580546885762e+01 8.584178302644615144e+01 0.000000000000000000e+00 1.415821697276851410e+01
6.693873809156400512e+01 8.672932152733075384e+01 0.000000000000000000e+00 1.327067847190344452e+01
6.818920966938523520e+01 8.758786414429654599e+01 0.000000000000000000e+00 1.241213585495704663e+01
6.942857177732106777e+01 8.841758286171656778e+01 0.000000000000000000e+00 1.158241713755615265e+01
7.065636448045428608e+01 8.921862972531940272e+01 0.000000000000000000e+00 1.078137027397232650e+01
7.187211602818757683e+01 8.999113687562983444e+01 0.000000000000000000e+00 1.000886312368066733e+01
7.307534218696183359e+01 9.073521654881095344e+01 0.000000000000000000e+00 9.264783450518185859e+00
7.426554554644002337e+01 9.145096104478979271e+01 0.000000000000000000e+00 8.549038954557893533e+00
7.544221479745435488e+01 9.213844266246475456e+01 0.000000000000000000e+00 7.861557336901229931e+00
7.660482397993260406e+01 9.279771360170695971e+01 0.000000000000000000e+00 7.202286397677183594e+00
7.775283169892985313e+01 9.342880583177861809e+01 0.000000000000000000e+00 6.571194167623545468e+00
7.888568030680274035e+01 9.403173092570887093e+01 0.000000000000000000e+00 5.968269073711221395e+00
8.000279504946009013e+01 9.460647986007580812e+01 0.000000000000000000e+00 5.393520139362107280e+00
8.110358317452228505e+01 9.515302277955764509e+01 0.000000000000000000e+00 4.846977219897882883e+00
8.218743299910920541e+01 9.567130872552556298e+01 0.000000000000000000e+00 4.328691273947558926e+00
8.325371293485686408e+01 9.616126532785791881e+01 0.000000000000000000e+00 3.838734671632652251e+00
8.430177046764204363e+01 9.662279845906664377e+01 0.000000000000000000e+00 3.377201540441338246e+00
8.533093108935840121e+01 9.705579184972825146e+01 0.000000000000000000e+00 2.944208149796955887e+00
8.634049717895199194e+01 9.746010666412006174e+01 0.000000000000000000e+00 2.539893335422402920e+00
8.732974682977430803e+01 9.783558103485994195e+01 0.000000000000000000e+00 2.164418964699658332e+00
8.829793262016076483e+01 9.818202955525339348e+01 0.000000000000000000e+00 1.817970444323259382e+00
8.924428032397709387e+01 9.849924272794507374e+01 0.000000000000000000e+00 1.500757271648560653e+00
9.016798755770857099e+01 9.878698636837188474e+01 0.000000000000000000e+00 1.213013631238655909e+00
9.106822236048907371e+01 9.904500096140782262e+01 0.000000000000000000e+00 9.549990382196689165e-01
9.194412170327974820e+01 9.927300096948320629e+01 0.000000000000000000e+00 7.269990301612232475e-01
9.279478992321597275e+01 9.947067409035381047e+01 0.000000000000000000e+00 5.293259093074210719e-01
9.361929707893848729e+01 9.963768046258454092e+01 0.000000000000000000e+00 3.623195370935483606e-01
9.441667722251459338e+01 9.977365181669982519e+01 0.000000000000000000e+00 2.263481829950481639e-01
9.518592658334317491e+01 9.987819056984599797e+01 0.000000000000000000e+00 1.218094298657474706e-01
9.592600165921008681e+01 9.995086886169441698e+01 0.000000000000000000e+00 4.913113803414272118e-02
9.663581720943719233e+01 9.999122752920932555e+01 0.000000000000000000e+00 8.772470536046551859e-03
9.731543624113351143e+01 9.999999999950961183e+01 0.000000000000000000e+00 0.000000000000000000e+00
9.798657718072750811e+01 9.999999999950958340e+01 0.000000000000000000e+00 0.000000000000000000e+00
9.865771812032154742e+01 9.999999999950959761e+01 0.000000000000000000e+00 0.000000000000000000e+00
9.932885905991561515e+01 9.999999999950965446e+01 0.000000000000000000e+00 0.000000000000000000e+00
9.999999999950956919e+01 9.999999999950956919e+01 0.000000000000000000e+00 0.000000000000000000e+00
