0.000000000000000000e+00 1.286133959971266005e+00 0.000000000000000000e+00 9.871386603900616308e+01
9.911741304391855426e-03 1.476849454354386193e+00 0.000000000000000000e+00 9.852315054473392308e+01
2.255450684033817599e-02 1.680310759605194271e+00 0.000000000000000000e+00 9.831968923960806706e+01
3.818382906240360558e-02 1.896463510099378968e+00 0.000000000000000000e+00 9.810353648909007518e+01
5.705394270003393692e-02 2.125259365576264159e+00 0.000000000000000000e+00 9.787474063334946095e+01
7.941798224234043746e-02 2.366655870821745111e+00 0.000000000000000000e+00 9.763334412846757004e+01
1.055281741029601289e-01 2.620616323556843597e+00 0.000000000000000000e+00 9.737938367578196619e+01
1.356360238810453700e-01 2.887109651182251380e+00 0.000000000000000000e+00 9.711289034774466700e+01
1.699924990677935122e-01 3.166110295137654518e+00 0.000000000000000000e+00 9.683388970429938070e+01
2.088482073815070839e-01 3.457598099982728268e+00 0.000000000000000000e+00 9.654240189910947834e+01
2.524535713987233199e-01 3.761558213840977327e+00 0.000000000000000000e+00 9.623844178580762332e+01
3.010589992804684756e-01 4.077980990253618820e+00 0.000000000000000000e+00 9.592201900890432853e+01
3.549150525019055813e-01 4.406861901898661671e+00 0.000000000000000000e+00 9.559313809773200887e+01
4.142726101518273141e-01 4.748201454817097655e+00 0.000000000000000000e+00 9.525179854499143062e+01
4.793830306513603978e-01 5.102005111932335524e+00 0.000000000000000000e+00 9.489799488718814757e+01
5.504983110591212814e-01 5.468283223187272668e+00 0.000000000000000000e+00 9.453171677658654914e+01
6.278712435200300979e-01 5.847050955280280071e+00 0.000000000000000000e+00 9.415294904454097491e+01
7.117555702585003363e-01 6.238328233442150150e+00 0.000000000000000000e+00 9.376167176591069108e+01
8.024061363396978175e-01 6.642139684145275780e+00 0.000000000000000000e+00 9.335786031523993245e+01
9.000790408082173233e-01 7.058514583180230950e+00 0.000000000000000000e+00 9.294148541694477217e+01
1.005031786246897152e+00 7.487486807539382561e+00 0.000000000000000000e+00 9.251251319191024436e+01
1.117523427607696629e+00 7.929094795883180780e+00 0.000000000000000000e+00 9.207090520417318658e+01
1.237814719005377651e+00 8.383381505990964655e+00 0.000000000000000000e+00 9.161661849334386432e+01
1.366168260667544709e+00 8.850394384324529184e+00 0.000000000000000000e+00 9.114960561503664849e+01
1.502848644252622989e+00 9.330185333068367726e+00 0.000000000000000000e+00 9.066981466712805116e+01
1.648122597902159425e+00 9.822810683496870254e+00 0.000000000000000000e+00 9.017718931611331357e+01
1.802259131374688073e+00 1.032833117595494343e+01 0.000000000000000000e+00 8.967166882433450326e+01
1.965529679867989543e+00 1.084681193704927615e+01 0.000000000000000000e+00 8.915318806241721461e+01
2.138208249019474039e+00 1.137832246799648850e+01 0.000000000000000000e+00 8.862167753171013374e+01
2.320571558561213443e+00 1.192293662846968161e+01 0.000000000000000000e+00 8.807706337195914159e+01
2.512899187228317732e+00 1.248073262990064336e+01 0.000000000000000000e+00 8.751926737057465289e+01
2.715473717654984132e+00 1.305179303001911784e+01 0.000000000000000000e+00 8.694820697073474491e+01
2.928580881257509372e+00 1.363620472835527764e+01 0.000000000000000000e+00 8.636379527148035606e+01
3.152509704804531410e+00 1.423405897017803490e+01 0.000000000000000000e+00 8.576594102968245181e+01
3.387552656176705757e+00 1.484545134618615236e+01 0.000000000000000000e+00 8.515454865345209612e+01
3.634005792468517626e+00 1.547048180222311764e+01 0.000000000000000000e+00 8.452951819822136770e+01
3.892168907628164920e+00 1.610925464546101793e+01 0.000000000000000000e+00 8.389074535421673318e+01
4.162345682876984476e+00 1.676187856077488192e+01 0.000000000000000000e+00 8.323812144022905102e+01
4.444843835749431094e+00 1.742846661912276929e+01 0.000000000000000000e+00 8.257153338059363534e+01
4.739975274251027493e+00 1.810913630418982123e+01 0.000000000000000000e+00 8.189086369581045233e+01
5.048056247991777212e+00 1.880400952376936985e+01 0.000000000000000000e+00 8.119599047625332844e+01
5.369407504468128423e+00 1.951321263818904939e+01 0.000000000000000000e+00 8.048678736210862894e+01
5.704354444764330623e+00 2.023687648261631722e+01 0.000000000000000000e+00 7.976312351745059459e+01
6.053227282720620828e+00 2.097513639826447829e+01 0.000000000000000000e+00 7.902486360296259704e+01
6.416361203477361386e+00 2.172813225723015051e+01 0.000000000000000000e+00 7.827186774259693891e+01
6.794096527764787119e+00 2.249600850304340582e+01 0.000000000000000000e+00 7.750399149680144717e+01
7.186778873987469396e+00 2.327891417878549873e+01 0.000000000000000000e+00 7.672108582136694110e+01
7.594759325150013396e+00 2.407700296696493680e+01 0.000000000000000000e+00 7.592299703291485002e+01
8.018394598139808593e+00 2.489043323172565536e+01 0.000000000000000000e+00 7.510956676846834057e+01
8.458047213525814456e+00 2.571936805745604815e+01 0.000000000000000000e+00 7.428063194398212943e+01
8.914085669150734859e+00 2.656397529406918778e+01 0.000000000000000000e+00 7.343602470740310650e+01
9.386884616367943579e+00 2.742442760468281548e+01 0.000000000000000000e+00 7.257557239526487081e+01
9.876825039244863547e+00 2.830090251629778209e+01 0.000000000000000000e+00 7.169909748464309018e+01
1.038429443364419491e+01 2.919358246439594495e+01 0.000000000000000000e+00 7.080641753558455775e+01
1.090968699392940700e+01 3.010265485362003091e+01 0.000000000000000000e+00 6.989734514798600173e+01
1.145340379712245138e+01 3.102831210493173941e+01 0.000000000000000000e+00 6.897168789638654118e+01
1.201585299566708009e+01 3.197075172061419224e+01 0.000000000000000000e+00 6.802924827941455987e+01
1.259745000968360529e+01 3.293017634110275793e+01 0.000000000000000000e+00 6.706982366060084644e+01
1.319861772079151940e+01 3.390679379996441867e+01 0.000000000000000000e+00 6.609320620009573588e+01
1.381978667646724723e+01 3.490081719989186126e+01 0.000000000000000000e+00 6.509918280187568485e+01
1.446139528745191427e+01 3.591246496383892151e+01 0.000000000000000000e+00 6.408753503796027928e+01
1.512389003784794816e+01 3.694196091212040045e+01 0.000000000000000000e+00 6.305803908905479460e+01
1.580772569403090522e+01 3.798953432920330187e+01 0.000000000000000000e+00 6.201046567199698245e+01
1.651336551672000397e+01 3.905542003160763187e+01 0.000000000000000000e+00 6.094457996887479112e+01
1.724128147907810060e+01 4.013985844347870824e+01 0.000000000000000000e+00 5.986014155734601161e+01
1.799195448649512485e+01 4.124309566904266688e+01 0.000000000000000000e+00 5.875690433180273686e+01
1.876587460176549627e+01 4.236538357065241200e+01 0.000000000000000000e+00 5.763461643097653564e+01
1.956354127286622813e+01 4.350697984562788179e+01 0.000000000000000000e+00 5.649302015638694030e+01
2.038546356431662332e+01 4.466814810416435932e+01 0.000000000000000000e+00 5.533185189674249216e+01
2.123216039490743157e+01 4.584915795422040219e+01 0.000000000000000000e+00 5.415084204785438260e+01
2.210416077515207789e+01 4.705028507853798914e+01 0.000000000000000000e+00 5.294971492319852047e+01
2.300200405353024635e+01 4.827181132360573201e+01 0.000000000000000000e+00 5.172818867781282393e+01
2.392624016340552728e+01 4.951402478260310858e+01 0.000000000000000000e+00 5.048597521838365765e+01
2.487742987407027329e+01 5.077721987995165165e+01 0.000000000000000000e+00 4.922278012070471931e+01
2.585614504899940158e+01 5.206169746352582450e+01 0.000000000000000000e+00 4.793830253796295437e+01
2.686296890439046692e+01 5.336776489005573865e+01 0.000000000000000000e+00 4.663223511098980367e+01
2.789849627359641815e+01 5.469573611534034541e+01 0.000000000000000000e+00 4.530426388572455920e+01
2.896333387643105084e+01 5.604593178686008059e+01 0.000000000000000000e+00 4.395406821505928008e+01
3.005810059096739550e+01 5.741867933402745905e+01 0.000000000000000000e+00 4.258132066707580776e+01
3.118342773028676618e+01 5.881431306092061106e+01 0.000000000000000000e+00 4.118568694104980210e+01
3.233995932309083088e+01 6.023317423925668379e+01 0.000000000000000000e+00 3.976682576273913128e+01
3.352835239810499246e+01 6.167561120145239784e+01 0.000000000000000000e+00 3.832438880019616789e+01
3.470475884191687754e+01 6.271166733869360854e+01 8.953858022730862842e-01 3.639294685777195326e+01
3.588945332687158185e+01 6.395002625304315558e+01 1.102121297257852017e+00 3.494785244848055328e+01
3.708567372915320703e+01 6.517255663193478199e+01 1.281765714032673475e+00 3.354567765285544567e+01
3.829336564611416094e+01 6.645958057730499036e+01 1.317375167443862738e+00 3.222304425410758455e+01
3.951219811441536933e+01 6.767931849638306119e+01 1.423321879977619719e+00 3.089735962253368129e+01
4.074188312452219662e+01 6.898279360739093136e+01 1.380750834215938694e+00 2.963645555731866921e+01
4.198101468216786714e+01 7.022430343004882047e+01 1.396897885161403785e+00 2.837879868374993819e+01
4.322919575317705210e+01 7.148582358691145089e+01 1.360549448073467449e+00 2.715362696400824305e+01
4.448520075607614643e+01 7.277416526158027921e+01 1.268065146985819514e+00 2.595776959045800325e+01
4.574775060437373497e+01 7.409571174740858623e+01 1.116743500568241787e+00 2.478754475107670530e+01
4.701505762762582208e+01 7.539381234754061722e+01 9.720119794719928041e-01 2.363417567207115511e+01
4.828519813364370350e+01 7.675223180317675542e+01 7.439074239141343359e-01 2.250386077154130149e+01
4.955507222012457902e+01 7.813878277893569191e+01 4.714656046171611936e-01 2.138975161558520455e+01
5.081868244727579054e+01 7.956378083848682081e+01 1.475220328334571340e-01 2.028869712735758313e+01
5.204703659012078987e+01 8.078133804091665127e+01 0.000000000000000000e+00 1.921866195819348633e+01
5.325982771887139222e+01 8.181148793929729379e+01 0.000000000000000000e+00 1.818851205983327546e+01
5.446739748529968494e+01 8.281267576846586564e+01 0.000000000000000000e+00 1.718732423068495052e+01
5.566931422392254092e+01 8.378512948852987563e+01 0.000000000000000000e+00 1.621487051064108442e+01
5.686513884905338756e+01 8.472905688508954825e+01 0.000000000000000000e+00 1.527094311410121286e+01
5.805442421374167594e+01 8.564464562225255406e+01 0.000000000000000000e+00 1.435535437695783756e+01
5.923671444544881126e+01 8.653206325854777958e+01 0.000000000000000000e+00 1.346793674068208269e+01
6.041154425640474557e+01 8.739145722528454030e+01 0.000000000000000000e+00 1.260854277396457590e+01
6.157843822646669452e+01 8.822295476676478643e+01 0.000000000000000000e+00 1.177704523250337409e+01
6.273691005617294536e+01 8.902666284161684018e+01 0.000000000000000000e+00 1.097333715767023676e+01
6.388646178754034111e+01 8.980266798437274645e+01 0.000000000000000000e+00 1.019733201493313679e+01
6.502658298999892850e+01 9.055103612626020038e+01 0.000000000000000000e+00 9.448963873064284869e+00
6.615674990868426164e+01 9.127181237401811131e+01 0.000000000000000000e+00 8.728187625324826726e+00
6.727642457212155591e+01 9.196502074537718840e+01 0.000000000000000000e+00 8.034979253984101177e+00
6.838505385613068199e+01 9.263066385966793348e+01 0.000000000000000000e+00 7.369336139711575306e+00
6.948206850055731820e+01 9.326872258182919495e+01 0.000000000000000000e+00 6.731277417568345633e+00
7.056688207519118805e+01 9.387915561788827290e+01 0.000000000000000000e+00 6.120844381527205336e+00
7.163888989096457749e+01 9.446189905976744683e+01 0.000000000000000000e+00 5.538100939665938860e+00
7.269746785223269114e+01 9.501686587704097064e+01 0.000000000000000000e+00 4.983134122410127986e+00
7.374197124561896999e+01 9.554394535301935321e+01 0.000000000000000000e+00 4.456054646449407741e+00
7.477173346055688796e+01 9.604300246226704019e+01 0.000000000000000000e+00 3.956997537219248517e+00
7.578606463628111101e+01 9.651387718637509749e+01 0.000000000000000000e+00 3.486122813128620379e+00
7.678425022959997648e+01 9.695638376449490181e+01 0.000000000000000000e+00 3.043616235026303851e+00
7.776554949732461353e+01 9.737030987480142130e+01 0.000000000000000000e+00 2.629690124737117607e+00
7.872919388672926289e+01 9.775541574268883949e+01 0.000000000000000000e+00 2.244584256866955396e+00
7.967438532686458075e+01 9.811143317109771544e+01 0.000000000000000000e+00 1.888566828475345183e+00
8.060029441294440744e+01 9.843806448794030928e+01 0.000000000000000000e+00 1.561935511649948483e+00
8.150605847536282056e+01 9.873498140511431131e+01 0.000000000000000000e+00 1.265018594493091619e+00
8.239077952416890582e+01 9.900182378307391673e+01 0.000000000000000000e+00 9.981762165505996265e-01
8.325352205902680680e+01 9.923819829435994677e+01 0.000000000000000000e+00 7.618017052817166457e-01
8.409331073380509736e+01 9.944367697886474389e+01 0.000000000000000000e+00 5.563230207939898753e-01
8.490912786396933143e+01 9.961779568292465115e+01 0.000000000000000000e+00 3.822043167512438888e-01
8.569991076387778151e+01 9.976005237357648525e+01 0.000000000000000000e+00 2.399476261165563729e-01
8.646454889989983883e+01 9.986990531848897490e+01 0.000000000000000000e+00 1.300946812212697701e-01
8.720188084396697548e+01 9.994677112116214346e+01 0.000000000000000000e+00 5.322887856524169403e-02
8.791069101072255876e+01 9.999002259998215436e+01 0.000000000000000000e+00 9.977399762472785941e-03
8.859060402641119936e+01 9.999999999950961183e+01 0.000000000000000000e+00 0.000000000000000000e+00
8.926174496600522446e+01 9.999999999950962604e+01 0.000000000000000000e+00 0.000000000000000000e+00
8.993288590559926376e+01 9.999999999950962604e+01 0.000000000000000000e+00 0.000000000000000000e+00
9.060402684519330307e+01 9.999999999950964025e+01 0.000000000000000000e+00 0.000000000000000000e+00
9.127516778478732817e+01 9.999999999950964025e+01 0.000000000000000000e+00 0.000000000000000000e+00
9.194630872438129643e+01 9.999999999950959761e+01 0.000000000000000000e+00 0.000000000000000000e+00
9.261744966397533574e+01 9.999999999950959761e+01 0.000000000000000000e+00 0.000000000000000000e+00
9.328859060356940347e+01 9.999999999950965446e+01 0.000000000000000000e+00 0.000000000000000000e+00
9.395973154316340015e+01 9.999999999950961183e+01 0.000000000000000000e+00 0.000000000000000000e+00
9.463087248275743946e+01 9.999999999950965446e+01 0.000000000000000000e+00 0.000000000000000000e+00
9.530201342235145034e+01 9.999999999950962604e+01 0.000000000000000000e+00 0.000000000000000000e+00
9.597315436194544702e+01 9.999999999950959761e+01 0.000000000000000000e+00 0.000000000000000000e+00
9.664429530153948633e+01 9.999999999950961183e+01 0.000000000000000000e+00 0.000000000000000000e+00
9.731543624113351143e+01 9.999999999950961183e+01 0.000000000000000000e+00 0.000000000000000000e+00
9.798657718072750811e+01 9.999999999950958340e+01 0.000000000000000000e+00 0.000000000000000000e+00
9.865771812032154742e+01 9.999999999950959761e+01 0.000000000000000000e+00 0.000000000000000000e+00
9.932885905991561515e+01 9.999999999950965446e+01 0.000000000000000000e+00 0.000000000000000000e+00
9.999999999950956919e+01 9.999999999950956919e+01 0.000000000000000000e+00 0.000000000000000000e+00
