0.000000000000000000e+00 4.138995336465783659e+00 0.000000000000000000e+00 9.586100466257774144e+01
2.994005771889057810e-02 4.461068600114695748e+00 0.000000000000000000e+00 9.553893139952363356e+01
6.436192761044669253e-02 4.794963606978278392e+00 0.000000000000000000e+00 9.520503639283742814e+01
1.035038165689360495e-01 5.140689556257157733e+00 0.000000000000000000e+00 9.485931044347421448e+01
1.476042975322293394e-01 5.498260083075543037e+00 0.000000000000000000e+00 9.450173991621524294e+01
1.969024565766299972e-01 5.867693205983574245e+00 0.000000000000000000e+00 9.413230679384020050e+01
2.516380380653738813e-01 6.249011278623451737e+00 0.000000000000000000e+00 9.375098872124632976e+01
3.120515881223745458e-01 6.642240947176257571e+00 0.000000000000000000e+00 9.335775905205210279e+01
3.783845966206592637e-01 7.047413112059778939e+00 0.000000000000000000e+00 9.295258688806386260e+01
4.508796375737823547e-01 7.464562888721508749e+00 0.000000000000000000e+00 9.253543711072636313e+01
5.297805088416376318e-01 7.893729581740401180e+00 0.000000000000000000e+00 9.210627041848535157e+01
6.153323702203657986e-01 8.334956651166772090e+00 0.000000000000000000e+00 9.166504334816518451e+01
7.077818814369277733e-01 8.788291694508519214e+00 0.000000000000000000e+00 9.121170830563509924e+01
8.073773386584998102e-01 9.253786420008959013e+00 0.000000000000000000e+00 9.074621358018012529e+01
9.143688112063625972e-01 9.731496633553431863e+00 0.000000000000000000e+00 9.026850336585570744e+01
1.029008277686569439e+00 1.022148222501992265e+01 0.000000000000000000e+00 8.977851777546071332e+01
1.151549761447613340e+00 1.072380715348089986e+01 0.000000000000000000e+00 8.927619284705082237e+01
1.282249466804854299e+00 1.123853944434842944e+01 0.000000000000000000e+00 8.876146055534985635e+01
1.421365914850986290e+00 1.176575118404427656e+01 0.000000000000000000e+00 8.823424881568533351e+01
1.569160079391805240e+00 1.230551851733573621e+01 0.000000000000000000e+00 8.769448148334922166e+01
1.725895523319600056e+00 1.285792164873101839e+01 0.000000000000000000e+00 8.714207835177512607e+01
1.891838535969799562e+00 1.342304485045239026e+01 0.000000000000000000e+00 8.657695515033498168e+01
2.067258270074701088e+00 1.400097646550592856e+01 0.000000000000000000e+00 8.599902353434521274e+01
2.252426880673842113e+00 1.459180892262619267e+01 0.000000000000000000e+00 8.540819107724841786e+01
2.447619663781497312e+00 1.519563874597679742e+01 0.000000000000000000e+00 8.480436125493267241e+01
2.653115196382049401e+00 1.581256657043701352e+01 0.000000000000000000e+00 8.418743342923173145e+01
2.869195478678224553e+00 1.644269716627136546e+01 0.000000000000000000e+00 8.355730283471392283e+01
3.096146074941205306e+00 1.708613945060146833e+01 0.000000000000000000e+00 8.291386054936451444e+01
3.334256258956034280e+00 1.774300652087318397e+01 0.000000000000000000e+00 8.225699347885199586e+01
3.583819158515144654e+00 1.841341567650884770e+01 0.000000000000000000e+00 8.158658432458740606e+01
3.845131901883997561e+00 1.909748844602385631e+01 0.000000000000000000e+00 8.090251155510864578e+01
4.118495767325308421e+00 1.979535062359583719e+01 0.000000000000000000e+00 8.020464937671178518e+01
4.404216333098759151e+00 2.050713230099109907e+01 0.000000000000000000e+00 7.949286769993588564e+01
4.702603629615763836e+00 2.123296790341663254e+01 0.000000000000000000e+00 7.876703209754218449e+01
5.013972293995200502e+00 2.197299622956720100e+01 0.000000000000000000e+00 7.802700377115937158e+01
5.338641726742673121e+00 2.272736049384738166e+01 0.000000000000000000e+00 7.727263950600267606e+01
5.676936250579904808e+00 2.349620837045571875e+01 0.000000000000000000e+00 7.650379162970251912e+01
6.029185271171892957e+00 2.427969203796248721e+01 0.000000000000000000e+00 7.572030796192163393e+01
6.395723441865444947e+00 2.507796823257766405e+01 0.000000000000000000e+00 7.492203176762104988e+01
6.776890828924392096e+00 2.589119829512139148e+01 0.000000000000000000e+00 7.410880170479610740e+01
7.173033081848653403e+00 2.671954822988623590e+01 0.000000000000000000e+00 7.328045177035220092e+01
7.584501604369342509e+00 2.756318875734224250e+01 0.000000000000000000e+00 7.243681124416929151e+01
8.011653729366937426e+00 2.842229537323032673e+01 0.000000000000000000e+00 7.157770462673607881e+01
8.454852898776291426e+00 2.929704841668993964e+01 0.000000000000000000e+00 7.070295158488688969e+01
8.914468841543875754e+00 3.018763312250085207e+01 0.000000000000000000e+00 6.981236687849600742e+01
9.390877761561835513e+00 3.109423969939363275e+01 0.000000000000000000e+00 6.890576030062030100e+01
9.884462523835987113e+00 3.201706339242525701e+01 0.000000000000000000e+00 6.798293660792815274e+01
1.039561284597393609e+01 3.295630455425779815e+01 0.000000000000000000e+00 6.704369544578712237e+01
1.092472549466927312e+01 3.391216872303586882e+01 0.000000000000000000e+00 6.608783127702439231e+01
1.147220448390315184e+01 3.488486669595040723e+01 0.000000000000000000e+00 6.511513330548318379e+01
1.203846127761257634e+01 3.587461460728547991e+01 0.000000000000000000e+00 6.412538539345395350e+01
1.262391499766802561e+01 3.688163401279481945e+01 0.000000000000000000e+00 6.311836598731049008e+01
1.322899263515576784e+01 3.790615197381171697e+01 0.000000000000000000e+00 6.209384802630831501e+01
1.385412926476454842e+01 3.894840114056448499e+01 0.000000000000000000e+00 6.105159885957019839e+01
1.449976826582581069e+01 4.000861984459344711e+01 0.000000000000000000e+00 5.999138015697739235e+01
1.516636154571039441e+01 4.108705218746997900e+01 0.000000000000000000e+00 5.891294781447989948e+01
1.585436976947628374e+01 4.218394813664225751e+01 0.000000000000000000e+00 5.781605186353573345e+01
1.656426259539287926e+01 4.329956362655331503e+01 0.000000000000000000e+00 5.670043637432947747e+01
1.729651890983353013e+01 4.443416064767579599e+01 0.000000000000000000e+00 5.556583935253044615e+01
1.805162707568418057e+01 4.558800736062615044e+01 0.000000000000000000e+00 5.441199264107780920e+01
1.883008517719920860e+01 4.676137819004470231e+01 0.000000000000000000e+00 5.323862181168538399e+01
1.963240127693964965e+01 4.795455393875423056e+01 0.000000000000000000e+00 5.204544606149360675e+01
2.045909367524301459e+01 4.916782189695499028e+01 0.000000000000000000e+00 5.083217810330648945e+01
2.131069117410918423e+01 5.040147595146458315e+01 0.000000000000000000e+00 4.959852404918680691e+01
2.218773334870148517e+01 5.165581670244564805e+01 0.000000000000000000e+00 4.834418329857423657e+01
2.309077082400611403e+01 5.293115158118324359e+01 0.000000000000000000e+00 4.706884841985580437e+01
2.402036555776480498e+01 5.422779497131752180e+01 0.000000000000000000e+00 4.577220503095224302e+01
2.497709112785425845e+01 5.554606832910872072e+01 0.000000000000000000e+00 4.445393167318931660e+01
2.596153302788724204e+01 5.688630031110586316e+01 0.000000000000000000e+00 4.311369969082922182e+01
2.697428896829149281e+01 5.824882690254250406e+01 0.000000000000000000e+00 4.175117309981182245e+01
2.801596918189791907e+01 5.963399154432556770e+01 0.000000000000000000e+00 4.036600845805671867e+01
2.908719673883204493e+01 6.104214526881654734e+01 0.000000000000000000e+00 3.895785473156404777e+01
3.016263487474393656e+01 6.209922903404054040e+01 8.880040725357009057e-01 3.701276689214870430e+01
3.123779209073129692e+01 6.325519448364692465e+01 1.226727473757898590e+00 3.551807804136986846e+01
3.232403413824885519e+01 6.445304433012221068e+01 1.416842611213226633e+00 3.413011305747942004e+01
3.342160203079879466e+01 6.563590190049197304e+01 1.586835001447883142e+00 3.277726309691407636e+01
3.453021351013437368e+01 6.680781611030339207e+01 1.733533041716989853e+00 3.145865084687176605e+01
3.564943270734512026e+01 6.797275498622009593e+01 1.853889034654155443e+00 3.017335597805477221e+01
3.677868396312411647e+01 6.913460785396493691e+01 1.944988842138415608e+00 2.892040330286179284e+01
3.791726666743222296e+01 7.029718651368504823e+01 2.004062476380883862e+00 2.769875100893421305e+01
3.906437121690102998e+01 7.146422549126404533e+01 2.028495529747632364e+00 2.650727897755411178e+01
4.021909617606682730e+01 7.263938145593336060e+01 2.015841338951017470e+00 2.534477720371109299e+01
4.138046671433320256e+01 7.382623189736027314e+01 1.963833769335176394e+00 2.420993433240399995e+01
4.254745437808567488e+01 7.502827315897758353e+01 1.870400502327111747e+00 2.310132633782595235e+01
4.371899824286427361e+01 7.624891792848443117e+01 1.733676701493413574e+00 2.201740536918296343e+01
4.489402747486072087e+01 7.749149229096978786e+01 1.552018924572966529e+00 2.095648878316207941e+01
4.607056757270854064e+01 7.863128575860729086e+01 1.460342758476363967e+00 1.990837148213888241e+01
4.724753503603859883e+01 7.980827832911241160e+01 1.304898726175302448e+00 1.888682294396583217e+01
4.842237568910926626e+01 8.102904296360894421e+01 1.081771754867861812e+00 1.788918528031067723e+01
4.959255129502531645e+01 8.229978143895446863e+01 7.879218889246907276e-01 1.691229667143153392e+01
5.075506875866570056e+01 8.353103868791222908e+01 5.139283118286038787e-01 1.595503299959859866e+01
5.190458202049241976e+01 8.477029985097129838e+01 2.116713399460407041e-01 1.501802880845052890e+01
5.303374303307663951e+01 8.589160556443934524e+01 0.000000000000000000e+00 1.410839443477636657e+01
5.415384638133543405e+01 8.676261409482775377e+01 0.000000000000000000e+00 1.323738590440724039e+01
5.526854282506940308e+01 8.760652000995042954e+01 0.000000000000000000e+00 1.239347998930352546e+01
5.637734604823742757e+01 8.842341643355133840e+01 0.000000000000000000e+00 1.157658356572154013e+01
5.747975931070179456e+01 8.921337643015175445e+01 0.000000000000000000e+00 1.078662356913980780e+01
5.857527461771688593e+01 8.997645276329707542e+01 0.000000000000000000e+00 1.002354723601312969e+01
5.966337185034337409e+01 9.071267760919553780e+01 0.000000000000000000e+00 9.287322390133025962e+00
6.074351785347901256e+01 9.142206222392294990e+01 0.000000000000000000e+00 8.577937775423942313e+00
6.181516547794817740e+01 9.210459656214277402e+01 0.000000000000000000e+00 7.895403437222321408e+00
6.287775257282747532e+01 9.276024884506230705e+01 0.000000000000000000e+00 7.239751154320779314e+00
6.393070092388553860e+01 9.338896507508771094e+01 0.000000000000000000e+00 6.611034924313388572e+00
6.497341513369063648e+01 9.399066849436800908e+01 0.000000000000000000e+00 6.009331505050814037e+00
6.600528143858379337e+01 9.456525898412485276e+01 0.000000000000000000e+00 5.434741015311775669e+00
6.702566645731717188e+01 9.511261240133579520e+01 0.000000000000000000e+00 4.887387598118472454e+00
6.803391586572908523e+01 9.563257984899654218e+01 0.000000000000000000e+00 4.367420150475248342e+00
6.902935299134492197e+01 9.612498687579807211e+01 0.000000000000000000e+00 3.875013123691260830e+00
7.001127732126897740e+01 9.658963260063960377e+01 0.000000000000000000e+00 3.410367398867080624e+00
7.097896291615224129e+01 9.702628875694205135e+01 0.000000000000000000e+00 2.973711242582021352e+00
7.193165672237695674e+01 9.743469865121970486e+01 0.000000000000000000e+00 2.565301348321681107e+00
7.286857677389409105e+01 9.781457602982179367e+01 0.000000000000000000e+00 2.185423969736823846e+00
7.378891027436311845e+01 9.816560384714378529e+01 0.000000000000000000e+00 1.834396152432014260e+00
7.469181154937820111e+01 9.848743292794115689e+01 0.000000000000000000e+00 1.512567071651855111e+00
7.557639985760226864e+01 9.877968051563806284e+01 0.000000000000000000e+00 1.220319483972096775e+00
7.644175704856598941e+01 9.904192869770723462e+01 0.000000000000000000e+00 9.580713019200548519e-01
7.728692505370240440e+01 9.927372269829015750e+01 0.000000000000000000e+00 7.262773013543131206e-01
7.811090319587388819e+01 9.947456902722400685e+01 0.000000000000000000e+00 5.254309724376506896e-01
7.891264530118181142e+01 9.964393347352617525e+01 0.000000000000000000e+00 3.560665261525656766e-01
7.969105659521756024e+01 9.978123893014637247e+01 0.000000000000000000e+00 2.187610695496023105e-01
8.044499036409031589e+01 9.988586303541214306e+01 0.000000000000000000e+00 1.141369643010345242e-01
8.117324435853507225e+01 9.995713561505560563e+01 0.000000000000000000e+00 4.286438467494271126e-02
8.187455691712428063e+01 9.999433590697965712e+01 0.000000000000000000e+00 5.664092768210436148e-03
8.255033557006498768e+01 9.999999999950959761e+01 0.000000000000000000e+00 0.000000000000000000e+00
8.322147650965904120e+01 9.999999999950965446e+01 0.000000000000000000e+00 0.000000000000000000e+00
8.389261744925303788e+01 9.999999999950961183e+01 0.000000000000000000e+00 0.000000000000000000e+00
8.456375838884704876e+01 9.999999999950961183e+01 0.000000000000000000e+00 0.000000000000000000e+00
8.523489932844108807e+01 9.999999999950964025e+01 0.000000000000000000e+00 0.000000000000000000e+00
8.590604026803512738e+01 9.999999999950965446e+01 0.000000000000000000e+00 0.000000000000000000e+00
8.657718120762912406e+01 9.999999999950961183e+01 0.000000000000000000e+00 0.000000000000000000e+00
8.724832214722314916e+01 9.999999999950961183e+01 0.000000000000000000e+00 0.000000000000000000e+00
8.791946308681716005e+01 9.999999999950959761e+01 0.000000000000000000e+00 0.000000000000000000e+00
8.859060402641119936e+01 9.999999999950961183e+01 0.000000000000000000e+00 0.000000000000000000e+00
8.926174496600522446e+01 9.999999999950962604e+01 0.000000000000000000e+00 0.000000000000000000e+00
8.993288590559926376e+01 9.999999999950962604e+01 0.000000000000000000e+00 0.000000000000000000e+00
9.060402684519330307e+01 9.999999999950964025e+01 0.000000000000000000e+00 0.000000000000000000e+00
9.127516778478732817e+01 9.999999999950964025e+01 0.000000000000000000e+00 0.000000000000000000e+00
9.194630872438129643e+01 9.999999999950959761e+01 0.000000000000000000e+00 0.000000000000000000e+00
9.261744966397533574e+01 9.999999999950959761e+01 0.000000000000000000e+00 0.000000000000000000e+00
9.328859060356940347e+01 9.999999999950965446e+01 0.000000000000000000e+00 0.000000000000000000e+00
9.395973154316340015e+01 9.999999999950961183e+01 0.000000000000000000e+00 0.000000000000000000e+00
9.463087248275743946e+01 9.999999999950965446e+01 0.000000000000000000e+00 0.000000000000000000e+00
9.530201342235145034e+01 9.999999999950962604e+01 0.000000000000000000e+00 0.000000000000000000e+00
9.597315436194544702e+01 9.999999999950959761e+01 0.000000000000000000e+00 0.000000000000000000e+00
9.664429530153948633e+01 9.999999999950961183e+01 0.000000000000000000e+00 0.000000000000000000e+00
9.731543624113351143e+01 9.999999999950961183e+01 0.000000000000000000e+00 0.000000000000000000e+00
9.798657718072750811e+01 9.999999999950958340e+01 0.000000000000000000e+00 0.000000000000000000e+00
9.865771812032154742e+01 9.999999999950959761e+01 0.000000000000000000e+00 0.000000000000000000e+00
9.932885905991561515e+01 9.999999999950965446e+01 0.000000000000000000e+00 0.000000000000000000e+00
9.999999999950956919e+01 9.999999999950956919e+01 0.000000000000000000e+00 0.000000000000000000e+00
